binID	SF2_A_D1	SF2_A_D2	SF2_A_H2O	SF2_B_D1	SF2_B_D2	SF2_B_H2O	SF2_C_D1	SF2_C_D2	SF2_C_H2O	R1_A_D1	R1_A_D2	R1_A_H2O	R1_B_D1	R1_B_D2	R1_B_H2O	R1_C_D1	R1_C_D2	R1_C_H2O	R2A_A_D1	R2A_A_D2	R2A_A_H2O	R2A_B_D1	R2A_B_D2	R2A_B_H2O	R2A_C_D1	R2A_C_D2	R2A_C_H2O	R2_A_D1	R2_A_D2	R2_A_H2O	R2_B_D1	R2_B_D2	R2_B_H2O	R2_C_D1	R2_C_D2	R2_C_H2O	R2_restored_C_black	R2_restored_DShore	R2_restored_H2O
SF2_A_D1_concoct.23	20.25	19.634	18.248	18.173	17.588	16.479	18.456	16.593	16.013	-5.5535	-4.0699	-4.1625	-3.7846	-4.4215	-3.2889	-4.253	-3.7552	-5.5835	15.819	9.4662	12.703	10.768	12.713	11.966	7.3533	9.2612	15.084	-5.9022	-3.6958	-1.7512	-4.5237	-5.6315	-5.3326	-2.5409	-5.0263	-6.0307	-1.9888	-0.71321	5.4952
SF2_A_D2_concoct.11	14.454	15.976	11.745	14.779	14.041	12.235	16.356	14.736	11.797	-5.2255	-5.2676	-4.9113	-6.979	-4.0871	-5.2336	-7.6553	-3.0764	-6.5065	10.025	0.21627	12.99	0.72898	3.3207	10.275	1.0681	0.14185	11.779	-4.0687	-3.2644	-1.423	-7.6668	-5.9272	-5.3326	-8.5231	-5.712	-3.8248	-2.7935	-4.0461	4.6933
SF2_A_D2_concoct.13	15.009	19.459	10.878	16.33	16.31	10.407	19.294	18.484	9.1036	-4.9182	-4.7805	-6.2633	-4.1707	-5.5282	-5.5828	-5.6002	-4.9392	-6.014	3.4475	-0.13503	3.863	1.939	10.932	2.2228	6.8645	15.389	5.9751	-3.7104	-2.7048	-1.7512	-4.1442	-5.4586	-5.3326	-3.2189	-5.5718	-6.0307	-2.0764	3.3284	6.5527
SF2_A_D2_concoct.28	19.524	20.134	16.585	20.541	20.088	14.908	20.313	19.497	13.913	-5.0481	-3.8939	-4.9113	-4.2717	-4.4215	-3.9573	-4.379	-3.7989	-6.8114	11.073	3.585	11.878	8.5659	15.206	9.8863	7.4366	13.028	13.847	-3.4798	-2.0696	-1.7512	-4.2818	-4.7208	-2.3194	-2.8388	-4.9778	-2.3	-2.0247	3.6249	7.703
SF2_A_D2_concoct.33	9.9429	18.352	7.1909	6.8704	6.8655	4.6953	8.7513	15.944	4.7286	0.60016	0.43612	-0.21196	0.24789	1.1186	-0.44743	0.96064	0.019101	-1.6591	6.134	7.4221	3.3071	9.3824	14.382	2.8511	9.7844	15.265	4.6484	-1.4356	-1.3734	0.93038	-0.55252	0.42801	0.80821	1.3632	-1.3612	1.8091	2.5244	14.457	4.1405
SF2_A_D2_concoct.40	11.567	19.779	4.1072	13.668	15.441	3.8333	13.895	18.453	2.8504	-2.5448	-2.3548	-3.4373	-2.7514	-2.1614	-4.5296	-3.1934	-2.2429	-3.6946	-3.6064	0.77989	-3.9812	-3.2107	2.5638	-3.0534	10.48	13.13	-3.8521	-2.6158	-2.7779	-0.29219	-0.37834	-0.25416	-1.7198	-3.3104	-1.5408	4.3037	-0.78452	18.689	-0.7392
SF2_A_D2_concoct.55	18.234	18.201	17.071	16.959	16.195	15.67	16.774	14.81	15.258	-0.16636	0.30376	-1.6077	-0.39261	0.32947	-1.4192	0.17663	-0.52917	-2.2742	12.023	9.6875	12.273	10.178	10.543	12.144	7.758	8.7642	15.218	-1.8074	-1.1861	-4.6891	-1.2616	-1.5884	-2.3194	1.1193	-1.3946	-3.8248	2.4857	0.11396	3.7472
SF2_A_D2_concoct.8	20.391	20.038	18.076	18.728	18.156	16.122	19.093	17.281	15.551	-3.5694	-2.8865	-4.4958	-2.4414	-3.2094	-2.9285	-3.3279	-2.4861	-4.4867	15.439	10.413	13.223	11.659	11.94	11.909	8.5305	5.9433	13.937	-2.8392	-1.8494	-1.7512	-2.8916	-4.2545	-5.3326	-1.0475	-3.476	-3.8248	-1.8383	4.5241	6.3572
SF2_A_H2O_concoct.23	20.043	18.994	17.666	19.039	18.313	16.182	18.558	16.906	15.554	-3.0218	-2.2002	-5.3063	-2.0963	-2.2014	-3.2153	-1.7656	-2.4861	-4.0882	17.465	13.509	13.011	14.836	14.196	14.717	10.587	9.4937	17.761	-2.4275	-1.6998	-0.89579	-3.2842	-2.8471	-1.9952	-1.9066	-3.3255	-6.0307	-1.1275	-1.3006	7.5649
SF2_A_H2O_concoct.33	-0.35847	-0.33077	18.011	-1.6263	-1.497	20.449	-0.37569	-1.689	20.486	-10.96	-10.9	-2.631	-9.3267	-9.6	-3.2153	-12.972	-15.184	-5.3829	-4.0331	-3.5908	15.518	-4.321	-3.2774	15.274	-3.4461	-2.7481	12.607	-11.523	-9.4906	-1.1422	-11.92	-13.24	-2.3194	-10.186	-12.9	-6.0307	-9.0954	-8.7288	-3.6411
SF2_A_H2O_metabat.14	20.622	19.556	18.399	20.054	19.404	17.796	19.212	17.951	17.325	-0.026659	-0.46768	-1.8495	-0.11401	0.24812	-1.5004	0.02146	-0.42415	-2.7672	15.859	11.865	14.612	13.43	14.56	14.932	10.213	10.644	18.049	-0.37901	0.6324	0.32445	-1.2597	-0.4617	-2.3194	-0.56257	-1.4727	-1.8526	1.2125	1.7147	7.2081
SF2_A_H2O_metabat.23	2.5288	1.1859	19.158	0.5938	0.2288	21.609	1.4162	-0.81827	21.573	-12.865	-7.0362	-0.81355	-5.0991	-8.548	1.7892	-10.633	-10.364	-2.0168	-1.2433	-0.59964	19.305	-1.0943	-0.42068	19.32	-0.18601	-1.7016	17.411	-8.6024	-6.2726	2.648	-10.071	-9.9821	-1.2658	-9.5941	-8.4858	-2.8986	-12.271	-6.4817	8.8131
SF2_A_H2O_metabat.28	3.2105	2.7226	16.839	2.2075	1.5353	19.253	2.7821	1.0723	19.196	-5.3819	-4.0932	-2.7582	-5.476	-5.4819	-2.3472	-8.0841	-5.9821	-4.3158	1.4127	0.053483	16.938	-0.59518	0.32291	16.988	-0.47219	-1.1208	15.001	-6.5441	-7.238	-2.6604	-7.2037	-5.543	-1.7198	-5.8614	-4.7122	-4.5939	-5.078	-6.9136	1.2019
SF2_A_H2O_metabat.34	4.7937	3.4692	17.291	2.6012	1.9291	20.216	3.5984	1.096	20.325	-1.1935	-1.8794	-0.023025	-3.5561	-3.0166	-0.19136	-3.1934	-3.0668	-3.059	2.1931	2.0432	15.05	0.92934	1.4339	15.265	1.221	2.0924	13.144	-4.9392	-4.5387	-1.7512	-4.2413	-4.971	-1.4795	-3.0584	-4.6127	-2.3	-1.9257	-0.7831	4.8807
SF2_B_D1_concoct.44	15.942	14.069	14.172	18.029	17.2	14.13	15.374	13.41	13.747	-3.2042	-2.0434	-3.3418	-3.3123	-2.7955	-4.155	-5.2406	-2.885	-4.3991	11.076	9.3215	11.677	8.88	9.3048	12.023	8.1458	9.5579	15.82	-1.7019	-0.58398	-2.6604	-3.5273	-1.6588	-5.3326	-2.5678	0.56669	-3.8248	-0.24712	-2.8791	1.824
SF2_B_D1_metabat.9	14.867	17.802	11.173	17.555	17.106	10.69	18.871	18.039	8.9949	-7.0863	-5.1323	-5.1643	-5.3044	-6.2751	-5.2336	-6.2313	-5.6042	-7.8757	2.5866	-0.87478	5.1646	1.251	9.3717	2.6051	3.4354	12.254	7.1088	-4.5814	-3.3319	-4.6891	-5.1276	-6.6638	-5.3326	-3.6829	-8.7967	-6.0307	-2.5049	3.3513	3.9882
SF2_B_D2_concoct.42	11.277	17.254	7.0615	17.4	18.039	5.8958	16.468	16.292	4.8708	-0.36758	-0.10827	-1.0894	-0.14906	1.175	-1.5851	0.40316	0.019101	-1.2166	3.9584	6.2251	2.5904	6.2484	12.218	1.6695	7.1803	10.779	3.7634	1.2383	1.9167	0.035811	0.092425	0.51549	-1.2658	1.5627	1.6442	-1.3347	2.6743	7.0472	3.1144
SF2_B_D2_concoct.55	19.298	19.255	18.07	17.997	17.241	16.414	17.938	15.98	15.986	-2.576	-2.0578	-3.4373	-1.9632	-1.623	-3.0992	-2.5018	-2.2074	-4.1793	14.751	9.5984	13.192	12.436	10.715	13.061	9.012	6.8239	15.73	-3.6697	-2.8544	1.7766	-3.8348	-3.5584	-1.2658	-1.4837	-3.2988	-1.3347	-1.7051	-0.16781	4.8807
SF2_B_D2_metabat.4	6.2159	10.002	2.1323	15.839	18.161	2.647	12.143	15.541	1.0631	3.4455	4.3949	2.1907	1.7997	3.5063	1.6237	2.4655	3.7328	0.8082	-0.92492	-0.3709	2.6786	0.67016	0.78313	0.89446	0.45651	1.7494	0.72112	-0.80558	-0.57219	7.1408	4.8602	0.37358	6.5866	1.4513	0.73146	7.1409	6.0891	19.681	-0.093217
SF2_B_H2O_concoct.14	-0.79583	-3.6655	14.462	-4.6853	-4.6822	17.456	-3.992	-4.8534	16.708	-15.056	-14.731	-4.4958	-10.52	-10.342	-3.3398	-13.891	-15.184	-6.014	-4.0331	-3.1355	15.874	-5.5993	-2.6485	15.595	-2.9675	-3.1471	13.691	-12.085	-11.139	0.18434	-14.46	-13.878	-5.3326	-11.377	-13.576	-6.0307	-14.686	-10.213	5.5965
SF2_B_H2O_concoct.91	1.2012	-0.49668	15.862	-1.7299	-1.7449	18.877	-0.61528	-2.6658	18.755	-8.3065	-6.4131	-4.0178	-9.9807	-7.6732	-1.624	-8.4246	-8.5426	-5.5835	1.0553	4.3663	13.467	2.2441	3.4733	14.629	1.2946	1.027	11.762	-11.523	-7.4003	0.035811	-11.352	-10.614	-3.2309	-9.1094	-11.389	-6.0307	-7.0966	-3.5501	0.83531
SF2_B_H2O_metabat.11	1.2523	0.44864	16.481	0.11513	-0.46051	19.334	-0.192	-1.4285	19.327	-6.9863	-9.1721	-3.208	-9.7448	-8.548	-0.50915	-10.633	-11.732	-4.8075	-1.64	-1.804	16.26	-1.3051	-1.4109	16.389	-1.6172	-2.2546	14.158	-9.9193	-7.7687	-3.3873	-10.442	-9.0336	-2.3194	-7.149	-8.4858	-6.0307	-6.6365	-5.9769	3.1144
SF2_B_H2O_metabat.19	1.5424	0.45755	16.452	0.53153	0.14718	18.848	0.55259	-0.84418	18.454	-5.4656	-4.6777	-0.37888	-4.8516	-4.3025	1.0247	-6.2313	-4.9104	-2.2257	0.7095	-0.012146	17.227	-0.0052599	-0.68625	16.74	-0.89643	-2.2546	14.105	-5.1997	-3.4757	0.32445	-6.7847	-4.7119	-2.3194	-5.1766	-4.9305	-6.0307	-4.4979	-5.1641	1.824
SF2_B_H2O_metabat.25	-1.6417	-2.9564	18.706	-3.339	-1.7922	21.31	-0.18099	-1.9912	21.46	-9.178	-6.5039	-1.4088	-5.7344	-11.33	0.16597	-7.789	-10.759	-3.2965	-3.4038	-1.5963	19.293	-1.6832	-0.33878	19.102	-0.7455	-1.783	17.227	-6.6888	-3.281	6.9903	-7.2561	-9.1143	3.9241	-6.8126	-11.001	2.7775	-5.4632	-5.9769	0.41282
SF2_B_H2O_metabat.28	1.0204	0.43075	15.305	-0.21899	-0.39523	18.489	0.46965	-1.377	18.324	-5.6942	-4.4021	-0.74423	-5.1733	-5.6751	-0.06621	-5.4312	-5.4032	-2.4689	0.17357	0.15493	16.951	-1.2065	-1.6612	16.754	-0.81962	-1.5856	14.982	-4.7896	-2.429	7.8508	-6.6239	-6.5109	6.2046	-4.9974	-6.1194	4.3677	-3.6296	-5.5822	-0.093217
SF2_B_H2O_metabat.39	-3.4056	-3.2741	18.818	-4.5899	-2.0858	21.255	-1.477	-2.5987	21.378	-11.489	-10.9	0.2202	-7.3494	-12.726	3.7495	-15.121	-13.076	-1.1409	-4.6065	-3.8747	17.916	-3.6759	-2.0886	18.696	-1.3065	-2.6112	16.666	-16.058	-6.8178	2.9568	-10.442	-15.112	0.15701	-15.267	-13.576	-1.1888	-9.8272	-7.8132	-1.674
SF2_B_H2O_metabat.8	-0.19445	-0.87171	17.766	-0.0066955	-0.64163	20.181	0.24063	-1.5175	19.905	-3.3094	-2.4329	-0.29389	-3.2626	-2.6595	0.91151	-3.7202	-2.9554	-2.3368	0.10467	-0.46606	17.638	-0.4029	-0.20219	17.35	-1.213	-2.3093	15.113	-4.4273	-4.9794	-0.29219	-5.1109	-4.1302	-2.3194	-4.307	-5.0019	-2.8986	-3.1128	-5.9769	-0.7392
SF2_C_D1_concoct.13	15.884	16.263	12.511	15.615	15.01	13.173	17.875	15.622	12.335	-2.5839	-1.9528	-4.6909	-2.9032	-2.1483	-4.8143	-3.3047	-1.6459	-5.4212	11.979	0.73061	14.057	1.9779	5.0923	11.59	2.2098	0.76306	13.251	-2.8269	-1.5549	4.4448	-4.5355	-3.0707	3.1545	-3.498	-3.3166	2.9992	-1.5467	-3.1112	3.8293
SF2_C_D2_concoct.13	9.98	14.239	9.5447	11.959	12.914	6.8195	11.244	18.297	6.736	-2.3685	-3.4553	-5.4608	-1.6129	-2.9025	-4.943	-1.7947	-0.8464	-4.7022	6.9422	6.7848	2.5904	7.4445	13.486	2.3061	13.941	14.984	5.7495	-1.385	0.42984	5.8629	-1.5534	-2.227	3.9241	-1.6729	-1.8444	3.8943	-1.558	3.7688	2.3483
SF2_C_D2_concoct.15	1.2115	5.0382	-1.5004	6.3811	9.624	0.16977	3.449	18.851	-1.8753	1.0141	1.0087	0.27926	-1.3507	0.24399	-0.061527	-0.85289	-0.08974	-0.86047	-2.6766	-2.2252	-3.7746	-0.32531	-0.83234	-3.2497	-0.53738	0.70982	-2.1233	-3.3585	-3.281	2.1659	-2.0988	-2.7026	1.4691	-1.9981	-3.255	1.5875	-0.62119	14.952	-3.6411
SF2_C_D2_concoct.17	7.9373	17.791	4.51	14.731	16.06	4.373	16.552	18.813	3.776	-0.1045	0.6537	0.63311	-0.50611	0.14904	0.14887	-1.0635	-1.3129	-0.57162	0.15843	-1.1465	-0.58249	2.746	17.364	1.2385	1.982	8.8792	1.9264	-1.1547	-1.8127	-0.67543	4.9207	-1.3941	-1.2658	0.77675	-0.24631	1.7223	3.959	16.9	1.824
SF2_C_D2_concoct.24	11.416	18.971	5.1363	13.818	15.522	4.609	14.973	19.693	3.379	-3.7946	-3.3016	-3.6461	-2.4772	-2.5092	-5.1563	-3.5127	-2.7206	-3.1279	-1.8641	7.435	-3.5908	-2.9424	4.0423	-4.0294	1.3347	6.3312	-3.3084	-1.5409	-1.8868	-4.6891	0.63837	2.0627	-5.3326	-2.7689	-0.57886	1.2995	-0.25621	17.268	-0.093217
SF2_C_D2_concoct.25	4.1455	13.084	-0.34395	13.204	15.118	-0.37954	8.7388	18.171	-2.0126	7.4721	4.7214	1.0571	9.1234	4.8355	1.3012	8.3274	10.785	1.4946	0.78217	3.442	-1.5137	5.9455	1.6423	-1.9138	6.4735	1.2577	-1.5062	4.5645	8.5338	17.801	7.4226	7.0074	16.653	5.3793	3.8689	16.493	5.5723	11.299	0.83531
SF2_C_D2_concoct.26	7.9146	16.531	1.1686	10.966	12.151	3.891	11.526	21.362	1.0271	-0.12266	0.18382	-1.1029	-1.6954	-0.43285	-1.25	-0.64221	-0.93219	-1.5563	-5.8355	-2.7234	-6.5059	-2.3226	-1.5142	-4.5406	-1.4816	-0.27808	-5.198	-3.1006	-3.3844	-0.67543	-0.72888	-0.033314	-0.8967	-2.003	-2.0841	-0.48053	-0.25621	8.9924	-0.7392
SF2_C_D2_concoct.3	6.5253	17.042	3.7005	12.527	14.683	3.1103	10.999	19.288	1.9453	-0.19674	-0.36616	-0.63346	-0.55549	-0.33835	-1.035	-0.13342	-0.60551	-2.0931	3.4636	6.4006	0.51321	5.7613	11.549	0.47045	8.873	11.383	1.3798	-1.9941	-1.9251	1.858	-0.4349	1.5452	0.36035	0.1376	-1.6919	2.6445	2.3924	15.707	0.41282
SF2_C_D2_concoct.32	4.3239	12.54	1.5461	11.777	14.355	1.5838	10.876	18.239	-0.31265	-1.5806	-1.4591	-3.1657	-2.0225	-1.7929	-3.9204	-2.1671	-2.6514	-3.5214	-0.35656	-1.5137	-1.5963	4.2831	15.98	-1.7583	2.3362	9.5899	0.82408	-1.7327	-1.6326	-0.67543	-1.6411	-2.0681	-2.3194	-1.3848	-1.2078	-1.4923	1.2621	6.9384	0.63239
SF2_C_D2_concoct.39	6.9154	16.139	3.2944	13.124	12.498	3.2493	11.238	18.265	3.1728	-3.116	-2.9451	-1.573	-2.9707	-2.625	-0.14243	-2.9904	-3.5391	-2.3495	1.6493	11.562	-0.72364	5.3639	15.437	-0.24197	9.043	14.658	0.86421	-1.5329	-0.16804	-0.29219	1.2183	5.3778	-0.30921	-2.3874	-1.5977	1.1972	0.94129	13.918	0.83531
SF2_C_D2_concoct.42	8.4467	10.354	5.1312	13.428	15.464	3.6459	12.398	17.981	2.8186	1.1462	1.51	-0.74423	2.0396	2.2802	-0.59028	2.4556	2.3946	-1.3924	6.8868	12.362	0.98692	9.4425	13.353	3.6562	11.818	14.371	5.3138	-0.54522	-0.093842	5.6149	1.5714	0.38789	4.0219	1.3586	-0.1167	4.3037	6.7326	15.008	1.2019
SF2_C_D2_concoct.8	8.2007	17.407	4.9084	11.988	13.868	3.4942	11.615	20.146	2.9337	0.24231	0.28967	-0.37888	-0.014908	0.72761	-0.54355	0.75086	-0.15668	-1.4155	4.4461	10.647	1.0319	6.9674	13.672	1.6624	8.8767	11.683	2.5979	-1.7416	-1.3108	0.58353	-0.046552	2.5487	0.15701	0.84245	-1.6046	2.5414	2.3717	15.929	1.0244
SF2_C_D2_metabat.11	8.2979	17.69	5.108	11.019	13.401	4.0899	11.162	19.621	3.4602	-0.30262	-0.039921	-1.1856	-0.55549	0.16618	-0.94934	0.46754	-0.64471	-1.8881	3.5644	14.212	0.83789	6.7293	16.754	1.0196	13.365	18.982	1.8646	-1.8683	-1.3676	0.32445	-0.39419	2.4974	-1.0729	0.61556	-1.1856	6.6202	2.4904	18.273	0.83531
SF2_C_D2_metabat.16	9.3259	18.676	2.8231	13.393	15.362	2.1816	10.406	18.391	1.9588	0.51169	0.92267	-1.1997	0.46948	1.719	-1.3413	-0.079233	1.5079	-1.8733	2.5763	7.2627	0.81869	6.7791	15.512	1.6411	18.129	18.923	0.59953	-0.64227	-0.1911	3.7041	1.8123	2.4965	0.04872	-0.58667	0.25047	4.7679	3.3214	17.499	-0.7392
SF2_C_D2_metabat.19	10.991	19.557	4.4793	12.938	14.871	4.286	12.606	20.892	3.9905	-1.8974	-1.7047	-2.8255	-2.0065	-1.8092	-2.3618	-1.3364	-2.0937	-3.1582	2.4542	5.192	-1.0805	4.1242	8.3622	-0.21354	6.7309	10.301	1.5054	-1.9339	-1.0987	1.2393	-0.98127	4.4014	1.2647	-1.1212	-1.0705	3.3225	3.859	15.773	-0.7392
SF2_C_H2O_metabat.13	2.3436	1.5281	19.039	2.4406	1.8136	21.244	2.3372	0.56528	20.966	1.6806	2.4036	0.36533	1.3562	2.518	0.76326	1.0454	2.049	-0.80522	3.196	2.6403	21.21	2.1347	2.5564	20.596	1.7939	1.4616	19.461	0.0028005	-0.55656	5.3174	-0.52382	0.58862	1.5344	0.8519	0.3329	0.35472	1.4113	-2.7852	6.3572
SF2_C_H2O_metabat.16	2.38	1.1927	16.0	-0.491	-1.0249	19.081	1.1844	-2.1891	19.382	-6.9863	-5.0069	-2.1982	-7.7033	-8.548	-0.28212	-6.9957	-8.9451	-3.4471	-1.8841	-1.169	12.341	-1.7584	-1.8206	12.93	-2.5001	-2.0999	10.808	-9.1187	-6.9482	-1.7512	-8.9478	-8.2307	-5.3326	-6.1099	-10.654	-6.0307	-5.3086	-4.0461	10.083
SF2_C_H2O_metabat.29	2.1174	1.6832	16.865	1.7188	0.9475	19.417	1.5636	0.079288	19.353	-3.3707	-2.5241	0.7208	-3.807	-2.8825	1.0948	-4.854	-3.5391	-0.89313	2.514	2.2758	16.376	1.0873	1.7183	16.854	1.6384	3.9942	14.317	-4.8291	-4.3081	-1.1422	-5.0454	-3.9737	-1.7198	-3.5818	-2.6812	-2.8986	-2.8621	-4.3627	11.979
SF2_C_H2O_metabat.49	0.68273	-0.18771	14.539	-0.96304	-1.6096	17.027	-0.85462	-1.9449	17.331	-11.489	-11.547	-3.9498	-9.1404	-11.961	-3.7804	-12.972	-13.979	-5.909	-1.5205	-2.4794	16.207	-3.331	-2.7157	15.839	-2.8522	-3.0596	14.063	-9.6249	-7.7687	-0.12247	-12.242	-9.0336	-5.3326	-10.928	-8.0861	-6.0307	-8.5288	-8.7288	12.514
R1_A_D1_concoct.44	4.7144	5.4158	1.6219	11.623	13.712	1.3408	5.2356	7.8425	0.57504	13.19	9.289	3.5538	9.6369	10.813	3.0707	9.9248	8.0954	2.3181	2.415	2.9411	-0.4987	3.6751	5.0478	0.49174	4.9906	6.5025	2.0376	4.1099	5.5061	1.6931	6.5383	3.5017	4.054	6.1212	3.1745	1.2488	8.7232	9.6369	-3.6411
R1_A_D1_concoct.5	-0.2121	6.0571	-3.3448	10.284	12.813	-1.755	4.9886	12.54	-3.1778	15.717	13.384	6.3436	12.252	13.01	6.0414	14.29	12.53	5.0069	-0.91267	0.95956	-0.079626	2.2849	-0.091205	-0.18545	1.6093	-0.67036	-2.2591	10.094	13.672	19.956	8.8918	7.3005	18.975	8.6697	7.7951	18.989	10.189	8.643	-0.093217
R1_A_D1_concoct.54	2.1868	4.5407	1.2464	9.8494	12.769	0.68274	2.5815	7.1838	-0.28215	14.062	6.6466	1.2782	4.7083	11.506	1.4891	9.8446	7.3536	0.063933	1.8361	3.5077	0.17965	3.6924	4.2435	-0.2999	5.1031	6.1594	0.29736	6.9997	10.342	10.798	3.1165	1.5157	9.9505	2.2183	0.76372	8.5812	2.777	11.459	2.6966
R1_A_D1_concoct.9	-5.3254	-4.3884	-3.0282	-2.9467	-1.6987	-0.73238	-3.3617	-1.573	0.37523	13.973	14.935	3.4026	11.785	13.226	3.0505	8.9982	11.822	7.4776	2.6811	-3.1355	0.092022	-0.93674	-2.1874	-0.35934	-2.5463	-3.9339	-1.4506	9.9486	5.4986	-1.7512	7.9434	10.206	0.54866	8.9342	10.154	1.4468	10.581	0.99301	-0.093217
R1_A_D1_metabat.15	-0.2659	2.3338	-1.3574	6.6912	9.2201	-1.0636	5.8833	10.165	-1.1205	14.976	13.826	10.707	11.303	12.781	9.7535	11.648	12.013	8.8782	-1.3016	-0.97508	-0.83597	1.4715	-0.33878	-0.84593	-0.4403	0.15854	-2.3756	5.4214	5.4643	13.165	7.8706	5.5025	12.432	9.7133	5.2084	10.35	10.657	7.6384	3.2118
R1_A_D1_metabat.18	0.90849	3.0182	0.57494	9.2309	11.692	2.0348	8.1321	11.756	1.134	16.666	17.082	9.93	14.361	16.394	9.6599	16.002	15.463	9.232	0.59028	4.842	1.9175	6.2091	6.6018	1.6907	3.1204	3.3618	0.82408	10.237	8.7809	3.9379	12.028	10.511	8.1261	14.14	9.9847	4.8799	14.86	9.6066	2.3483
R1_A_D1_metabat.26	13.25	10.857	9.2475	7.9459	7.9792	5.472	13.752	8.7474	4.4401	15.724	14.813	9.9477	11.456	12.239	10.859	12.692	12.951	7.422	10.565	10.048	9.3615	8.3643	7.3303	10.378	8.0117	8.458	7.7687	7.4904	8.4949	6.4498	9.5659	7.615	7.3702	11.862	6.6578	6.4116	14.321	8.2616	5.0005
R1_A_D1_metabat.45	6.6559	6.4402	5.7139	5.4635	7.33	5.5298	4.9122	5.621	5.5488	16.01	8.9314	6.4315	4.7267	7.8445	7.5142	4.4279	5.0784	3.6992	5.0754	6.6482	6.3693	6.1187	7.297	5.2475	7.5385	9.4158	5.0486	2.3281	6.7228	16.247	3.4106	1.3852	15.634	4.1136	0.31043	14.572	4.2346	12.045	8.1094
R1_A_D1_metabat.47	-2.6474	-1.2707	0.90476	-1.6432	-0.20998	3.7831	-1.4568	0.38033	4.4333	17.336	14.958	5.3244	16.565	15.93	4.0618	14.782	12.907	11.6	-3.0988	-1.934	1.2388	0.6871	-0.48413	2.6267	-0.53738	-1.4763	0.46442	13.502	9.8661	15.008	11.225	11.249	14.333	9.5245	15.111	13.807	0.72051	0.79568	-3.6411
R1_A_D1_metabat.51	-4.1059	-3.5937	-6.6898	-4.7864	-3.0589	-1.6921	-2.7337	-1.4636	-2.1609	15.52	17.26	8.1402	12.953	15.971	5.6026	12.424	12.678	4.7452	-2.9101	-3.7746	-4.4907	-3.1535	-4.9093	-3.1164	-5.247	-3.3371	-5.9798	0.33455	-1.283	-2.6604	0.89386	12.185	2.9447	-0.36324	6.5517	-0.58341	8.5087	-3.8214	-3.6411
R1_A_D1_metabat.6	0.82744	2.6259	0.39342	7.2701	10.098	2.4944	4.855	8.3469	1.9317	15.668	15.977	10.846	13.24	14.848	10.026	14.005	14.025	9.6997	1.9031	0.8947	2.1012	3.0499	2.0404	2.5174	0.83187	0.55775	-0.0085091	9.7594	9.2463	12.57	11.227	9.0926	11.632	12.51	8.816	9.5645	14.615	9.5145	5.7908
R1_A_D2_concoct.1	-5.3254	-1.5595	-1.8825	-2.7482	-2.0672	0.1438	-2.4712	-0.81827	-0.43892	11.658	13.576	9.0446	9.8148	12.725	7.8407	11.77	11.199	6.4506	-2.9101	-4.4907	-1.9679	-2.9424	-3.479	-1.5601	-6.533	-5.8453	-3.5287	3.2161	0.92953	2.5167	-0.10406	6.3957	2.9013	0.7559	1.1034	0.054674	-0.78838	-1.9898	-0.093217
R1_A_D2_concoct.109	5.4105	6.6287	4.4391	5.6368	7.4813	4.159	7.0522	8.232	3.3881	15.158	16.264	10.109	12.595	15.677	7.8768	12.849	12.421	8.0677	8.1726	0.11738	4.318	4.9708	8.9014	5.5998	5.0809	12.173	8.1103	8.6503	5.3958	1.037	7.2644	7.1946	4.0857	9.1591	8.2203	2.5414	10.489	4.9911	-0.7392
R1_A_D2_concoct.21	0.32524	3.9304	3.9718	-0.0066955	0.46454	3.9719	2.2061	0.79777	4.1417	14.7	15.187	8.4021	10.272	11.368	7.7883	12.29	11.703	7.789	-3.502	-3.5908	-3.0702	-1.4089	-2.6485	-1.6147	-5.247	-2.1501	-1.6426	6.7579	4.2229	2.648	9.7898	6.4493	5.0527	11.158	4.5877	2.471	12.86	1.573	-1.674
R1_A_D2_concoct.25	-4.8158	-4.6308	-0.88835	-4.2544	-4.2349	0.867	-4.4817	-2.5661	1.2708	10.177	14.477	6.8941	10.789	13.189	5.9747	2.1214	1.2089	4.3318	-3.1805	-4.0948	-1.4606	-3.1535	-3.7079	-1.5334	-4.5133	-3.9339	-2.9386	-0.97201	-2.4808	-0.29219	1.007	1.9921	-1.7198	0.50603	3.1207	-2.3	0.29881	-4.9876	0.17275
R1_A_D2_concoct.51	1.5883	1.1097	-0.30178	2.3365	4.057	-0.51396	1.5579	1.9916	-0.43892	13.716	14.259	8.9677	8.9794	11.526	6.4802	11.351	10.344	6.1018	-1.4876	-4.3482	-1.3835	-0.88678	0.19782	-1.5334	-2.0233	0.22421	-0.065042	3.2237	2.6559	0.81955	6.9324	2.2901	3.3529	11.139	4.2251	0.20922	10.337	1.5825	-1.674
R1_A_D2_metabat.15	0.16401	0.88369	-0.089047	1.7977	4.0932	1.1675	1.9026	2.1696	0.87804	13.212	14.744	8.8622	11.471	13.7	7.2978	12.779	12.785	11.439	-1.2006	-0.63435	-0.065976	2.3452	2.3899	0.065854	0.59447	2.9992	-0.0085091	13.452	10.839	1.5193	11.184	12.929	5.6546	13.593	13.093	5.7852	12.613	5.5085	3.5773
R1_A_D2_metabat.27	2.9603	-0.80956	4.5039	-1.4652	-0.88923	2.8373	1.1318	-0.56368	3.3054	15.299	17.145	8.1473	14.329	14.005	6.4835	12.827	14.046	9.6013	14.473	-0.63435	5.004	0.97537	-2.1874	4.7773	-0.5209	-1.1809	1.532	11.447	7.3941	1.4288	12.175	10.866	4.9293	12.804	14.315	4.9165	15.131	3.0162	1.6795
R1_A_D2_metabat.31	4.933	5.2352	5.6388	3.6242	4.229	7.638	4.375	6.1794	7.7913	16.088	19.295	9.7593	17.589	19.278	7.7971	10.639	12.969	6.3294	3.7975	1.9175	5.6414	2.0545	4.8989	5.881	1.7592	6.1482	6.1784	5.9212	2.1408	2.7119	5.0789	10.927	2.6759	6.6895	6.307	0.13317	7.8343	1.3817	0.83531
R1_A_D2_metabat.36	0.25324	2.2802	0.1754	1.2535	3.1278	1.0769	0.63301	4.5394	0.35204	16.919	16.463	9.8851	14.016	15.68	7.5882	13.688	14.095	10.173	0.8178	-1.6246	-0.38648	1.0873	-0.2404	0.23561	-0.89643	1.1331	0.67172	11.45	7.706	15.399	11.105	11.117	14.311	11.24	11.039	14.536	12.447	1.7447	0.63239
R1_A_D2_metabat.45	-3.7195	-0.23441	0.52577	-1.2741	-0.10842	2.8373	-1.2474	0.087925	3.3699	13.904	14.752	9.8891	12.664	13.229	10.183	10.951	11.435	10.43	-1.0647	-1.2379	0.69054	0.44885	-1.5863	1.9799	-1.8249	-0.9234	0.15354	11.651	7.743	8.2685	9.939	9.7924	8.8265	14.838	13.025	6.9929	9.1155	1.7714	8.7939
R1_A_D2_metabat.48	-6.0473	-3.9884	-5.3854	-5.7342	-5.8604	-3.7912	-3.7547	-3.6565	-3.6542	9.5856	14.816	2.3562	5.7957	9.8266	-0.4978	4.4996	8.9857	-0.63431	-3.8368	-5.2231	-4.8179	-3.9227	-4.676	-4.8691	-5.7775	-5.8453	-8.7324	-2.3922	-2.3787	-4.6891	-2.8297	11.896	-3.2309	-2.7387	3.6922	-2.3	0.87416	-6.2977	-3.6411
R1_A_D2_metabat.50	-4.1059	-4.2791	-4.3662	-5.7342	-3.5034	-2.6431	-4.7259	-1.689	-2.4093	13.907	16.068	6.4905	11.254	16.424	3.2514	11.496	11.164	1.6287	-3.7762	-6.5059	-3.9812	-5.1806	-5.4996	-3.7275	-4.8411	-4.4305	-4.2529	-0.60521	-1.9562	-1.7512	-0.091156	6.7667	1.5983	-0.36105	2.4751	-1.6639	2.3717	-5.9769	4.6933
R1_A_D2_metabat.84	-6.5557	-3.9884	-2.5299	-5.9235	-5.0631	-1.82	-5.3532	-3.8508	-0.64287	10.497	11.431	2.3599	4.9009	9.7203	-0.44743	5.1446	7.8844	6.5889	-4.2555	-4.4907	-2.6718	-2.3936	-2.6485	-4.2656	-5.247	-2.6112	-4.1647	8.9121	3.0027	-2.6604	2.1632	5.5538	-1.4795	-0.027325	2.8567	0.35472	-4.2685	-0.4139	-1.674
R1_A_H2O_concoct.2	-2.4724	-1.5595	6.1974	-2.5702	-2.0124	4.3802	-3.2487	-1.5543	10.313	4.8029	6.1241	22.375	5.0324	2.2359	22.245	3.1084	0.92148	21.434	0.081268	-0.66963	1.3047	-2.8935	-2.1874	1.3186	-2.5937	-2.2546	0.019264	-1.2474	-0.74768	11.682	1.3736	-1.5577	11.076	2.1813	-0.59749	8.2886	-0.81952	-1.1255	7.5081
R1_A_H2O_maxbin.022	-2.7098	-3.2741	-1.7652	-4.7864	-3.779	-0.54887	-3.0431	-4.516	0.85884	0.15047	0.68627	16.402	-1.2517	-0.94325	16.494	0.51691	-1.2947	14.712	-3.2228	-3.0073	-1.7729	-2.7996	-3.9731	-2.0484	-4.5133	-2.9762	-3.0681	-1.1929	1.4913	13.376	-1.4923	-2.2584	12.38	-0.0046724	-1.7909	10.433	-1.5808	-1.1162	7.6759
R1_A_H2O_metabat.14	-4.8158	-2.0963	1.3446	-0.74631	1.2173	0.46208	-3.6133	1.2003	4.4876	-0.71532	-1.3921	20.081	-1.241	-1.3782	20.244	-0.25956	-1.0599	18.713	-1.8249	-2.3478	-0.97508	-3.5294	-5.1794	-1.9799	-3.6121	-3.4407	-2.7057	-1.9118	4.8624	16.617	-2.0845	-2.3494	15.608	-1.8602	-2.8566	15.54	-3.0208	-0.44747	6.8441
R1_A_H2O_metabat.6	2.2623	0.84549	7.7375	0.04736	-0.30073	11.763	1.9898	0.22213	12.371	2.0591	3.2957	19.003	5.5508	1.5479	17.586	4.2247	-0.12297	14.106	1.3049	6.7445	9.0151	2.5488	5.5947	9.5517	1.8146	2.5892	6.7069	-0.21782	0.59166	12.622	-0.65055	-0.52721	11.311	1.9052	-0.6501	9.2431	1.5443	-0.00595	7.73
R1_A_H2O_metabat.8	0.40903	2.0837	6.0075	4.381	6.9267	8.7484	1.8449	7.4882	10.461	6.0273	5.9242	17.834	6.7289	4.3653	18.699	8.2886	7.7201	16.179	-1.1866	1.5625	15.066	1.8939	0.55606	11.305	5.8147	1.0746	9.3185	7.8256	22.084	30.237	9.3838	7.5595	27.555	9.9628	12.286	27.454	5.1259	6.2966	13.731
R1_B_D1_concoct.53	1.0531	1.7808	4.4916	-0.59966	0.89998	2.5891	2.3095	2.5509	1.7786	16.271	16.353	11.885	14.797	14.181	11.018	15.32	14.357	10.962	11.292	3.0064	8.7759	2.4774	0.98097	12.556	0.66588	1.4512	6.5877	9.1282	7.4082	2.3805	13.361	9.9367	7.9738	15.091	10.501	6.3147	17.454	8.9928	1.5282
R1_B_D1_concoct.59	-4.1059	-0.90349	-1.3346	-1.3454	-0.37123	0.9258	-2.6163	-0.76739	0.93484	13.476	14.021	10.061	13.696	13.944	10.271	10.943	11.052	10.313	-1.4714	-2.2252	-1.169	0.038669	-2.1373	1.1142	-2.1312	-2.3657	-0.8415	11.34	7.1879	6.4273	9.887	9.2879	7.9107	14.619	12.16	5.6984	8.388	1.2061	3.6632
R1_B_D1_concoct.89	-0.091216	-0.44431	2.6344	0.054984	0.21642	5.786	-0.47343	0.70444	5.4158	7.064	11.513	9.5304	16.341	10.248	9.9727	7.0313	3.9956	8.0668	1.6981	3.1765	9.1182	0.33557	0.21381	7.85	0.004299	-0.10478	7.2339	5.7408	4.2459	3.6555	11.313	1.5317	5.9497	16.068	3.3849	1.8091	12.298	3.6302	13.974
R1_B_D1_metabat.13	-2.9849	-2.9087	-3.5678	0.15929	2.2162	-0.018112	-1.3589	0.84327	-2.24	17.59	17.941	10.178	15.478	17.428	9.4908	16.761	15.49	9.4598	-0.48289	-1.5963	-1.2853	1.5099	-0.5941	0.2473	-0.33213	-0.46558	-3.3609	9.6102	6.0331	4.8548	12.057	10.047	8.866	14.415	9.2	3.9893	14.087	5.1202	9.1727
R1_B_D1_metabat.16	14.021	15.082	11.456	13.081	11.877	12.085	13.161	11.318	11.665	14.02	12.896	13.008	15.178	13.061	12.159	14.722	14.887	11.046	15.41	14.019	9.6721	13.36	10.932	10.113	11.63	11.047	10.18	11.674	12.529	4.0274	14.504	15.133	7.7365	14.561	11.953	5.5642	15.043	5.9137	17.869
R1_B_D1_metabat.20	7.4974	7.7813	8.0624	6.9435	6.5321	8.0639	7.2032	6.3885	7.6958	16.028	16.172	10.865	16.425	17.233	10.896	16.087	15.802	10.148	13.694	13.517	8.4575	12.688	10.861	10.791	12.444	11.832	11.125	11.741	11.175	4.6741	13.225	13.371	8.9126	15.692	11.468	8.2406	17.072	9.3605	8.2496
R1_B_D1_metabat.28	-2.0759	-1.1955	-1.4516	0.19549	2.4405	2.2847	-0.032077	2.7293	0.72064	18.986	19.749	13.533	18.266	18.884	12.978	18.197	18.455	13.634	0.57742	1.085	0.76029	7.3277	2.7226	2.7899	3.9979	1.472	-0.55144	14.731	12.16	6.0191	15.884	14.982	11.988	18.054	14.447	8.9217	17.976	9.9024	7.2394
R1_B_D1_metabat.29	4.7975	4.6422	4.1444	3.6806	3.9265	4.286	4.082	4.0455	2.6333	17.36	17.293	13.518	16.729	18.022	13.299	17.262	17.817	13.153	4.6501	5.8838	7.1693	8.632	5.7363	6.0672	7.7269	6.4898	4.0966	14.283	13.659	7.0664	15.447	15.912	11.291	16.699	14.673	9.4966	17.434	11.9	4.1405
R1_B_D1_metabat.32	7.2765	7.3911	8.6622	7.6168	6.8296	9.3934	7.2941	6.0058	8.6473	16.192	15.958	10.815	15.306	15.329	10.509	14.857	15.417	10.732	11.764	11.173	9.7041	10.97	9.3068	10.141	9.7476	8.8072	11.188	12.685	11.571	2.0914	12.398	13.913	7.9001	14.336	12.158	6.0599	14.162	7.056	8.1803
R1_B_D1_metabat.38	6.2309	5.9907	5.0663	4.1657	3.8786	3.1002	4.7733	3.1853	2.7435	10.243	10.888	11.564	14.081	14.336	11.205	10.625	11.989	11.928	5.9817	7.3241	7.3786	7.785	6.5824	5.8144	7.8681	7.6829	5.2352	13.408	9.2125	13.664	12.755	12.314	12.985	16.112	11.481	12.415	12.147	7.007	2.0959
R1_B_D1_metabat.40	5.6657	5.664	7.06	5.7057	5.0481	7.5637	5.4531	4.869	6.8174	14.925	15.324	14.55	16.086	15.235	14.654	14.891	13.776	11.56	10.827	10.07	8.6789	9.8605	8.0229	9.0867	9.0335	7.9799	9.6381	8.34	7.1271	3.1863	12.063	9.7588	9.2895	16.283	9.2538	4.0127	13.209	5.099	8.3618
R1_B_D1_metabat.41	3.5195	6.0258	1.7942	6.5594	7.601	2.9553	5.3318	9.2496	2.1558	17.765	17.777	11.36	16.157	17.944	11.045	16.374	16.062	11.025	3.7081	5.7107	1.7377	6.7587	5.0997	3.072	6.5147	5.3913	1.0255	13.676	14.488	2.5829	12.571	15.228	8.8265	14.306	15.057	8.128	16.444	11.15	3.0144
R1_B_D1_metabat.49	1.7133	2.021	0.87873	2.0963	3.8686	0.88673	2.428	2.8889	0.78072	12.155	13.046	7.8713	11.63	12.695	6.0525	11.705	11.692	10.259	1.6268	2.5171	-0.26472	3.0128	3.6419	-0.036741	1.8077	3.6077	0.45671	12.421	9.6325	9.4573	10.054	11.889	9.1286	12.605	12.06	7.8359	11.66	4.6759	6.7015
R1_B_D1_metabat.58	-3.8387	-2.8172	-3.5678	-2.1236	-0.88923	-2.6431	-2.9953	-1.5918	-1.8753	14.352	14.78	5.992	13.469	15.318	7.3322	7.2567	8.4874	6.3456	-3.6611	-2.573	-5.2231	-1.3051	-2.5215	-2.0138	-2.2858	-2.9762	-3.4709	7.8291	4.1741	8.1488	1.3342	7.2535	6.649	3.9035	5.8894	4.7489	4.8486	-0.34822	-0.7392
R1_B_D2_concoct.120	-1.7882	0.87609	-0.61514	5.53	9.2138	-0.31523	1.0374	6.0728	-0.71533	14.622	15.009	6.0055	11.184	14.319	4.2422	12.112	15.038	7.4459	-4.3366	-0.3709	-0.95462	-0.038743	2.0912	-2.7176	-1.43	0.35058	-4.0809	10.527	10.242	-1.7512	6.1971	10.536	1.5983	1.6195	4.0615	1.766	6.2813	13.008	-3.6411
R1_B_D2_concoct.37	4.8604	4.2951	6.1993	5.7459	4.4331	7.3241	4.4761	1.9693	6.6306	4.0389	7.8727	4.7505	11.594	14.063	2.3012	3.0031	6.4145	3.3936	8.1352	5.109	16.946	5.7924	3.5642	14.806	4.0426	2.8838	12.075	5.3928	3.4689	1.1399	4.3133	6.7731	0.63798	7.6489	6.9101	-0.02645	8.7936	1.2308	3.0144
R1_B_D2_concoct.51	6.2384	6.1239	7.1246	5.9547	5.5024	6.7833	5.8169	5.4942	5.4829	15.207	16.407	9.5245	14.802	16.268	8.9498	15.158	15.077	9.9349	11.725	11.413	7.8601	11.02	9.19	9.3033	10.402	9.3756	9.925	12.091	10.457	4.484	11.097	13.183	8.4736	13.713	10.677	7.003	15.765	7.7075	7.1127
R1_B_D2_concoct.73	-3.967	-2.0094	-1.6282	-2.3084	-1.0575	-0.6571	-3.0922	-0.77999	0.10762	12.589	13.159	8.7229	12.461	13.805	8.882	9.6771	9.7798	9.1601	-2.1654	-3.425	-2.1862	-1.1684	-3.0972	-0.18545	-2.4113	-2.9762	-2.5661	10.273	5.9079	5.5862	8.5848	8.0962	5.8926	13.73	10.959	5.0592	6.7467	0.51141	1.6795
R1_B_D2_concoct.86	-2.3648	-3.1615	0.14099	-2.5146	-1.8572	-1.6921	-3.0431	-2.2969	-0.99041	0.81172	4.7765	4.0248	10.7	14.64	2.3651	0.34254	2.6913	2.3508	-0.63821	-1.6533	3.167	-1.0582	-2.403	6.803	-1.7632	-2.4842	2.6018	3.0257	1.0589	2.7747	2.6324	2.7175	1.3344	5.7642	4.3709	2.0572	11.853	5.6247	-0.093217
R1_B_D2_concoct.87	2.9788	1.5403	3.9292	1.9424	1.4369	5.602	3.5095	2.8294	5.5788	15.403	16.781	6.363	12.15	14.055	4.7506	11.479	14.667	7.5951	8.4551	4.5176	6.2617	3.6016	1.9187	8.3697	2.2645	1.9789	6.8546	8.3204	4.9686	0.32445	9.2446	9.1365	2.7677	7.81	8.4438	0.6231	11.406	3.2213	-0.7392
R1_B_D2_maxbin.014	7.9222	6.7781	6.9804	4.8254	4.078	6.6039	5.515	2.7868	6.2773	17.73	17.549	14.323	14.978	16.845	15.801	16.744	16.291	12.927	5.8041	5.9904	6.7935	7.0905	4.3942	5.6329	5.2577	5.2641	7.2984	11.224	8.2836	2.8364	12.392	12.433	9.4161	14.86	11.564	5.9797	15.677	6.3593	14.477
R1_B_D2_metabat.14	-7.2508	-2.0669	-3.1479	-1.1917	0.14079	1.7061	-1.2839	1.3176	-0.71533	16.29	15.789	13.43	15.918	15.888	12.804	17.014	15.92	13.34	0.25526	-0.012146	0.066398	5.5733	1.9363	1.967	2.8381	1.3774	-1.8788	14.338	13.194	3.5563	16.117	15.326	10.349	16.746	14.819	9.8172	19.219	10.585	0.83531
R1_B_D2_metabat.16	11.326	10.5	9.6022	9.8155	10.279	7.0628	9.4032	8.7	6.2321	13.611	14.721	7.4923	14.103	16.449	7.26	13.552	13.168	8.7248	9.1194	11.048	3.9945	10.727	10.399	4.7773	11.14	10.617	7.2827	11.211	9.2633	2.1659	10.208	11.737	5.634	13.213	10.759	3.747	12.655	8.3086	3.6632
R1_B_D2_metabat.18	4.2249	4.1394	5.5735	4.312	3.7206	6.1539	4.1386	2.7546	6.1355	14.904	15.649	7.9541	14.14	15.866	7.1901	14.395	15.141	8.2091	8.5902	7.2415	7.2763	7.5906	5.3351	7.211	5.9199	4.8371	8.0972	10.311	8.2202	2.3805	11.023	12.26	6.8732	12.747	11.125	4.6131	13.378	4.6772	5.3378
R1_B_D2_metabat.19	0.36748	1.0243	-0.076373	1.7936	4.0818	0.94513	1.8502	2.5126	1.0452	13.125	13.973	8.8205	11.474	14.344	7.3081	12.697	12.693	11.66	-0.78246	-0.68748	-0.20618	2.2338	2.158	-0.076378	-0.088938	2.9453	-0.40309	13.662	10.864	0.45722	11.154	12.961	4.9293	13.572	13.188	5.6984	12.537	5.3906	4.7568
R1_B_D2_metabat.27	9.4716	8.5075	7.7375	5.7252	5.4519	5.5298	7.2734	5.6569	4.8465	13.787	14.473	7.7503	13.117	15.191	7.0333	13.911	11.912	7.7171	12.25	13.254	3.6482	12.92	12.193	7.0564	12.104	12.954	6.365	9.9885	8.8252	7.4398	9.4098	10.0	7.8248	12.496	10.884	6.9523	13.743	7.6384	8.6565
R1_B_D2_metabat.28	5.9528	5.7632	7.6052	6.472	5.3675	8.5164	5.5986	4.2281	7.7386	16.875	16.972	10.788	15.73	16.433	10.042	15.896	16.644	11.123	10.092	8.5565	10.345	9.0937	6.6306	9.4231	7.2499	5.8591	9.5191	12.663	9.7993	2.2389	14.311	14.364	9.8737	16.342	13.261	7.6753	16.131	6.0376	10.806
R1_B_D2_metabat.30	10.753	8.9239	6.8362	9.6603	9.0571	5.1569	8.8443	8.3447	4.6393	13.718	14.213	9.3867	13.331	15.44	8.857	13.73	13.111	7.9927	8.853	7.5298	3.0064	8.2402	8.315	6.2421	9.3811	11.667	8.5601	9.6387	9.7965	1.2393	10.246	10.413	5.3102	12.629	10.097	5.9115	15.901	8.8003	2.4682
R1_B_D2_metabat.34	6.1957	5.0312	5.967	5.3759	4.9069	6.2231	10.261	6.1891	6.0099	13.258	14.295	7.294	13.813	15.212	6.4275	12.019	13.16	8.847	10.131	11.387	5.8861	10.901	7.4053	7.4449	6.054	4.2879	7.4006	11.392	10.013	0.32445	11.52	12.653	4.2406	13.175	10.688	3.671	12.558	6.9251	2.5842
R1_B_D2_metabat.37	0.51668	-0.48347	1.8646	-1.165	-0.20258	4.444	0.068859	-0.27451	4.1119	12.168	12.969	4.6967	10.979	14.007	3.827	11.96	10.768	5.1543	0.8119	0.42545	3.1765	0.62735	0.13284	2.7899	-0.50454	0.4414	2.7619	6.8332	3.7256	0.93038	8.5466	8.1255	3.6851	10.512	7.1034	1.6331	10.332	3.6618	4.4957
R1_B_D2_metabat.63	-0.72769	-0.39314	2.2191	-1.8775	-0.91976	4.0588	-0.38767	0.89438	5.4105	12.132	14.132	8.5887	14.355	15.323	4.6721	9.312	10.016	4.8787	-0.022854	-0.91432	2.6292	-0.88678	-0.98934	2.2168	-0.89643	0.66919	0.38623	1.6647	-0.16477	1.4288	0.9603	5.8792	0.54866	1.3552	2.2857	-2.0626	1.4722	-2.3975	2.6966
R1_B_D2_metabat.78	-0.55589	-1.8214	-0.27409	-1.5765	-0.85913	1.7211	-0.97738	-0.23465	1.2874	11.892	14.874	4.9635	11.117	14.212	4.0126	5.0107	4.5522	2.1863	-2.1654	-2.2252	1.2137	-1.9467	-0.93568	-0.023674	-3.6121	-1.1506	-1.2265	2.7565	1.1175	1.7766	1.9617	2.1881	0.36035	2.5012	2.6244	-1.1888	0.49143	-2.0045	-0.7392
R1_B_H2O_concoct.13	-4.4238	-4.1765	-2.487	-3.7351	-3.6356	-3.1222	-4.0792	-3.0048	0.23282	-4.8568	-4.4306	15.075	-3.7958	-5.3078	15.22	-4.7696	-5.2229	12.908	-3.502	-3.1355	-2.2652	-3.9227	-3.7079	-3.0534	-3.1564	-4.6349	-3.1135	-4.925	-4.3708	2.3104	-5.7966	-7.5962	1.3344	-4.9143	-4.7328	-1.1888	-4.1646	-3.2856	-0.093217
R1_B_H2O_concoct.19	-0.98911	-0.07487	6.363	-1.8395	-1.5666	10.036	-0.83977	-0.69327	10.101	-0.19439	0.3294	18.989	0.12217	0.42954	17.632	-0.074951	-1.028	17.518	4.4255	1.3851	8.4322	0.22709	1.6133	8.1187	0.59447	2.2438	5.6682	3.6979	1.8237	6.7514	0.76756	1.2696	5.5715	3.576	4.5215	3.2371	-0.60339	2.9209	21.002
R1_B_H2O_concoct.22	5.1118	7.3652	3.6158	3.3603	3.2179	2.6813	6.273	5.694	2.6221	14.816	11.302	15.105	9.832	11.266	15.691	8.895	9.2775	13.089	3.7951	5.4607	2.3062	5.0855	5.23	1.4952	6.0177	7.3148	2.594	6.1293	6.9705	12.057	7.2095	5.2142	11.146	6.9487	3.9641	10.011	6.0799	10.905	3.1144
R1_B_H2O_maxbin.028	2.7835	3.1169	3.0889	1.3635	1.4449	2.8806	1.6433	2.3351	4.3643	2.0219	1.7553	18.498	1.0168	1.5231	18.845	1.5074	0.79324	16.95	1.8739	2.9157	4.5176	2.6556	3.1109	3.5197	3.4702	4.8005	2.4749	-1.1547	7.5032	18.082	-0.10513	-0.81488	17.524	1.8841	-0.19707	16.204	1.7252	6.7231	4.2867
R1_B_H2O_metabat.11	4.8859	4.3007	8.1945	4.5036	3.6422	11.273	4.2355	2.6523	11.351	4.9569	7.0367	18.095	2.6972	3.204	17.997	2.331	1.9423	16.582	6.9228	5.6269	9.4857	4.0904	3.6584	9.3087	3.9221	4.8371	8.658	1.1684	-0.23117	3.4543	1.1562	0.95627	2.3348	3.9441	2.0089	2.6104	3.2989	-0.23459	5.4435
R1_B_H2O_metabat.17	-3.5038	-0.90349	7.2321	-0.14331	1.7489	5.5918	-2.6937	1.7518	10.889	1.9266	0.64139	22.823	1.7589	1.1231	23.07	2.7346	0.78155	22.025	1.4463	-0.16323	3.2096	-3.4606	-4.676	2.3587	-3.1564	-3.5512	0.54781	1.1394	8.9898	18.96	0.96244	0.11037	18.278	1.7474	0.086208	17.332	-1.3135	2.9295	14.708
R1_B_H2O_metabat.5	1.2523	0.31128	2.9561	-0.35091	-0.1732	5.3536	0.70338	-0.45217	5.7395	4.0627	7.4249	16.304	9.6632	3.4083	16.692	3.221	2.4008	8.4778	1.47	1.87	6.9841	0.96011	0.74441	5.8589	0.62531	1.8615	5.1702	1.5831	2.4653	14.256	2.1573	1.4183	13.124	6.5373	2.9421	11.321	3.9511	0.25854	3.9096
R1_B_H2O_metabat.7	-1.989	-1.8732	0.12941	-2.333	-2.6541	1.3239	-1.8826	-1.23	2.9234	-2.1086	-1.2039	17.41	-0.063941	-2.0904	16.174	-0.3541	-2.0773	11.153	-1.4394	-0.99573	3.7915	-1.2651	-1.4109	2.3412	-2.1686	-1.2745	1.8261	2.4395	-0.61975	6.5387	-1.6366	0.25611	5.2418	-0.6357	-1.4822	3.0602	-2.3944	-2.1106	10.972
R1_C_D1_concoct.45	-2.7746	-2.2836	-3.7346	0.36231	3.1889	-2.8661	-0.31668	-0.24455	-8.8333	12.475	13.171	7.328	10.358	12.843	6.0532	13.135	12.207	9.7428	-3.3109	-2.3906	-3.0073	1.3263	-0.98934	-3.5528	-1.2359	-1.4763	-4.4444	12.106	9.9154	0.93038	10.145	11.611	4.6692	12.568	12.009	4.3252	12.346	4.6102	-0.39306
R1_C_D1_maxbin.047	-0.77287	0.24454	0.29763	-1.1783	-1.1244	1.8958	0.03902	1.0424	2.3423	14.168	16.112	7.0734	11.451	15.178	5.0896	12.758	11.331	3.9662	0.27708	-1.7729	1.87	-1.7584	-0.50569	0.58544	-1.733	0.61405	-0.69788	2.3996	1.0833	-0.29219	2.5185	10.232	2.9447	3.1936	6.5397	0.42445	6.764	-1.6935	6.4758
R1_C_D1_metabat.19	0.10268	-1.9265	-1.5253	-0.75718	1.0584	2.2592	-2.2123	1.279	0.39821	19.511	19.966	9.7115	16.389	18.982	8.3502	18.423	18.473	11.049	-0.047538	0.31138	0.34614	3.7267	0.59755	1.1562	1.66	-0.53174	-0.66033	12.916	9.7737	2.5829	12.596	13.229	10.777	14.894	12.556	9.1621	18.844	9.428	0.41282
R1_C_D1_metabat.27	5.6774	12.332	4.5615	6.491	5.7035	4.6424	9.883	6.3924	3.5829	14.887	15.99	10.97	15.026	12.827	11.472	14.673	11.712	9.2363	0.32017	-0.20618	2.0367	2.1452	2.6513	1.6052	1.0506	2.6632	3.014	9.194	7.6329	6.1687	12.397	11.626	8.0962	14.611	11.291	6.5635	16.009	4.6626	-0.093217
R1_C_D1_metabat.31	0.5946	5.8302	-5.923	9.345	11.507	-3.1222	5.9958	12.656	-3.48	13.601	8.2887	3.0589	17.052	9.2829	4.565	15.067	15.301	5.3336	-0.27306	2.152	0.15493	2.1347	-0.83234	1.2058	0.47821	-1.9574	-1.9019	9.0251	12.774	20.543	10.762	11.656	19.599	9.8337	9.711	19.579	10.65	5.1273	-1.674
R1_C_D2_concoct.36	3.9296	3.5943	3.0208	3.0471	4.4418	3.0798	2.9876	5.1673	1.9453	12.45	11.985	2.6184	13.4	10.703	2.4917	13.264	15.974	8.9444	4.654	5.2355	-0.46606	5.2172	2.7297	0.83911	3.9564	2.0578	2.1321	12.608	12.432	4.9246	13.03	14.738	7.4198	13.694	14.411	6.6538	13.638	2.0115	12.476
R1_C_D2_concoct.85	-1.8267	-0.38053	0.15251	-0.44332	1.4128	3.2199	-0.78139	1.9737	3.8005	18.349	19.64	10.208	16.059	17.461	8.6197	14.401	14.955	12.724	3.5644	-0.10717	2.288	0.96011	-0.48413	2.2528	0.094048	1.3344	1.0999	14.199	8.5785	3.1303	11.324	14.724	5.2418	11.818	14.564	5.0766	11.047	0.81605	0.17275
R1_C_D2_metabat.30	-1.0665	0.25419	-0.58331	-0.0861	1.2302	1.676	-0.42402	2.1865	0.76084	17.411	18.144	12.531	14.841	17.346	11.324	16.803	16.383	12.691	1.9072	0.14248	11.162	3.8277	1.5049	11.681	0.79371	1.2466	5.8704	14.189	12.712	3.9829	14.03	13.436	9.654	15.388	13.92	8.2128	17.897	10.824	5.391
R1_C_D2_metabat.40	-4.6085	-2.0963	-1.14	-1.593	-0.1952	1.3069	-2.4367	0.44844	1.6479	18.996	17.839	11.191	15.339	17.574	8.8376	16.303	16.153	14.228	-2.1192	-0.3709	-1.5684	2.4046	0.84647	-0.31462	-0.50454	-0.12341	-2.1496	15.914	13.204	5.2862	10.509	14.722	7.5288	7.1349	11.735	7.5836	1.8786	1.5159	-0.7392
R1_C_D2_metabat.58	-6.0473	-5.2529	-4.3662	-7.8186	-4.3017	-1.4594	-3.3617	-4.0705	-2.1609	8.0475	8.1954	2.8693	5.5499	11.268	0.73605	9.1749	11.648	8.8391	-5.8355	-5.2231	-2.8881	-0.9033	-2.1874	-4.0294	-3.1564	-2.8968	-4.6606	11.242	7.0645	2.2389	6.7036	9.6528	1.5983	3.2236	5.6384	1.7223	-4.7278	-2.1106	-1.674
R1_C_H2O_concoct.16	-6.0473	-7.0187	-2.7124	-5.2639	-3.3809	-1.755	-6.6966	-4.516	-1.0762	11.256	12.87	7.4564	10.092	11.835	2.7599	8.8439	9.5779	12.861	-6.0451	-2.2252	-3.1355	0.28684	-1.5499	-2.8225	-2.7973	-2.0512	-4.5491	14.636	11.56	1.6931	8.9743	12.28	1.8422	4.3349	7.7574	5.1456	2.5232	0.98155	1.5282
R1_C_H2O_concoct.67	2.4232	2.0157	1.8392	0.70236	0.80739	0.24608	1.2488	0.52932	1.254	2.391	3.584	16.65	1.9783	3.2558	16.637	2.1737	1.9742	15.002	1.5769	3.3572	8.6642	3.1392	2.5416	3.5782	3.7455	4.1587	2.483	1.2322	14.547	22.041	2.4998	1.5396	21.727	4.1214	5.627	20.926	2.1298	6.1895	3.2118
R1_C_H2O_concoct.79	4.141	4.0105	5.9792	4.3365	3.6932	7.1194	3.9099	3.0318	6.5181	11.254	11.755	16.847	11.5	10.897	17.096	10.118	10.87	14.738	7.752	6.42	9.1384	6.6877	4.9531	8.3232	5.3209	3.8804	7.9987	8.2348	6.1222	6.4045	8.2472	8.9966	6.0976	10.714	6.8775	5.2797	11.852	4.0409	8.295
R1_C_H2O_metabat.23	-0.8425	-0.95209	-0.026344	-1.7299	-2.3474	-0.6571	-1.6028	-2.2155	1.6331	0.038101	-0.13336	17.823	-1.2251	-0.74651	17.406	-0.77836	-1.1485	16.315	-0.63821	-0.10717	1.6219	-0.72836	-1.2193	-0.92262	-0.63894	-0.25817	-1.1466	-2.1458	7.0756	17.937	-1.621	-1.3019	17.483	-0.10247	-0.93209	16.458	-1.0472	0.49774	6.6279
R1_C_H2O_metabat.29	-10.307	-1.796	5.3579	-0.52011	0.61232	3.6371	-2.5422	1.7566	9.1139	0.34033	-0.56726	22.178	-0.043899	0.21902	22.266	1.7054	0.13828	21.164	-0.089256	-0.93437	0.57716	-2.7545	-3.2774	0.85768	-2.2858	-2.6783	-0.85506	-1.5672	4.0519	15.689	-1.1226	-1.4618	14.401	-0.66566	-2.2798	13.815	-2.5826	-0.022773	9.7965
R2A_A_D1_concoct.24	3.8963	4.8565	0.32996	2.6628	3.4282	0.55256	4.2163	2.2284	0.48812	-5.1169	-5.5744	-4.4958	-2.4824	-3.049	-4.8775	-4.5875	-3.2488	-5.2727	18.841	13.282	-0.51521	11.078	7.719	2.3875	8.9711	10.116	4.4961	-3.8093	-3.8762	-4.6891	-4.0885	-2.7217	-3.2309	-3.9356	-4.5934	-3.8248	-3.4891	-0.44072	15.355
R2A_A_D1_concoct.42	6.114	3.9304	5.9629	2.1782	1.4528	6.9294	3.6978	1.5294	6.0099	1.3194	3.2419	-3.4373	-0.51175	0.25225	-3.7472	-1.3059	1.0187	-2.5969	17.874	12.529	4.94	11.209	6.4691	13.211	9.1382	8.7731	11.899	-1.4623	-1.2126	-1.7512	-1.6682	-1.1861	0.72442	-2.0481	-1.205	-3.8248	-0.26839	-0.99037	6.8789
R2A_A_D1_concoct.46	10.893	7.5626	9.4105	4.6185	3.6164	4.8432	6.0258	0.49287	4.0136	-9.178	-8.603	-8.2864	-8.2483	-8.156	-10.807	-9.8895	-9.4262	-10.335	19.227	17.306	0.51321	17.132	15.064	8.8996	13.792	14.874	12.008	-12.747	-9.4906	-1.1422	-11.92	-11.788	-5.3326	-11.893	-10.061	-6.0307	-7.6948	-5.9769	8.3838
R2A_A_D1_concoct.50	6.4838	6.5425	9.392	6.322	5.0291	10.629	5.9874	3.786	10.509	-3.2618	-2.2962	-2.8601	-3.5367	-2.9953	-3.2395	-5.2406	-3.9701	-5.4212	16.336	7.2928	12.834	5.3355	4.1729	13.163	4.2234	3.5043	12.682	-3.7035	-2.8157	0.32445	-4.5961	-2.9694	-1.7198	-2.823	-2.9479	-0.92522	-1.3951	-3.0041	3.7472
R2A_A_D1_concoct.51	9.4412	7.6527	5.6942	8.2143	7.0509	4.2786	8.0251	5.6243	3.975	-2.2017	-2.1924	-4.0178	-1.971	-1.8699	-3.6826	-2.0737	-2.4793	-3.985	18.599	14.053	1.4557	16.594	10.191	8.6392	11.037	10.034	9.7828	-2.487	-2.0447	-2.6604	-2.3182	-1.803	-3.2309	-1.3706	-3.1709	-6.0307	0.074475	-1.9323	8.0855
R2A_A_D1_concoct.6	14.044	12.925	12.608	11.516	10.297	10.14	11.875	7.4508	9.4419	-2.9134	-2.6907	-5.0332	-2.9984	-1.541	-4.3792	-3.5127	-3.303	-4.8075	18.429	15.983	4.2619	17.575	14.239	12.102	12.757	10.146	13.51	-4.2105	-3.3319	-1.1422	-5.1109	-3.471	-3.2309	-2.9621	-3.2464	-6.0307	-2.6026	-0.98167	7.9378
R2A_A_D1_metabat.10	7.685	7.2105	7.1478	5.3437	4.2725	5.7568	5.5399	2.5775	5.6528	-3.6411	-3.6604	-3.208	-3.6458	-2.2149	-3.6826	-4.2131	-4.5282	-4.2757	19.225	16.675	3.3436	17.449	12.919	9.403	12.449	6.4075	10.29	-4.9535	-6.5806	-0.12247	-5.2317	-5.3651	-3.2309	-3.6571	-5.2636	-6.0307	-2.6535	-1.321	8.6964
R2A_A_D1_metabat.14	11.689	10.689	7.1203	9.4698	8.9606	4.9913	9.4714	6.764	3.9125	-3.3832	-3.3614	-5.1643	-3.6979	-3.071	-5.1563	-4.294	-3.514	-5.4604	17.427	14.097	2.0432	16.051	11.81	9.1214	11.738	9.6445	11.275	-2.7124	-2.3395	-1.1422	-4.711	-4.8128	-3.2309	-3.9356	-4.862	-3.8248	-2.8974	-0.49534	6.5905
R2A_A_D1_metabat.17	4.1942	3.6787	3.2344	1.5858	1.3104	5.4561	3.041	1.7422	4.8343	-0.74522	-1.0789	-1.4246	1.0984	0.50913	-1.9679	0.025565	1.2127	-1.9904	18.793	14.899	7.0859	15.644	9.3006	6.3128	11.408	8.5576	4.6816	-0.53784	-1.45	-1.1422	-0.063445	0.70604	-2.3194	0.098308	-0.9714	-1.8526	-0.58573	0.5023	15.152
R2A_A_D2_concoct.10	8.0991	7.2179	6.7722	6.0088	5.2259	4.1741	6.9722	4.7541	3.776	-0.18735	-0.269	0.64582	0.84506	1.9973	0.50043	1.8612	1.371	-0.70981	15.021	19.974	2.5568	13.941	11.59	9.2963	13.717	11.54	7.6141	-0.65391	-0.39884	1.6074	0.16097	1.0026	0.88953	3.3745	-0.47026	0.55854	5.0301	6.0719	5.8841
R2A_A_D2_concoct.25	11.651	9.9261	12.649	10.607	9.4668	12.938	9.8199	6.6363	12.75	-2.499	-1.5503	-2.8601	-3.1828	-1.0472	-3.3923	-4.3573	-2.4999	-4.6273	16.623	18.92	9.108	16.96	15.111	11.711	15.202	13.833	13.773	-1.8755	-1.0052	0.81955	-3.2785	-1.8889	-5.3326	-1.9981	-0.32037	-6.0307	-0.17567	-1.9608	4.7568
R2A_A_D2_concoct.37	4.3955	7.577	0.18676	3.1638	2.6404	-0.16194	4.2383	5.184	-0.28215	-4.0928	-3.8324	-3.5914	-2.6918	-2.608	-5.7873	-2.6213	-2.4321	-6.2439	19.785	18.491	-0.63435	14.213	13.336	0.040612	15.029	12.605	0.20526	-3.2093	-2.6231	0.81955	-2.7911	-2.4547	0.36035	-2.7313	-4.4471	-0.11043	-1.8448	3.2193	11.62
R2A_A_D2_concoct.51	8.4977	8.8009	8.0193	6.3372	5.4231	5.1914	6.5024	3.6108	4.3433	-3.063	-2.8523	-4.4958	-3.1907	-0.93279	-5.0112	-3.2593	-3.1859	-6.1253	18.149	19.053	2.6126	18.849	13.841	10.621	15.46	10.454	11.082	-5.1032	-4.4031	0.58353	-5.9243	-4.5028	-5.3326	-4.0943	-4.7122	-3.8248	-3.0993	-2.0643	7.4209
R2A_A_D2_concoct.59	1.4296	0.51902	1.0065	-0.054019	0.20397	-0.046188	0.72643	-0.25449	-0.3749	1.1825	0.66392	-2.2717	0.48069	1.0397	-1.9328	0.67882	0.64646	-2.9202	15.557	19.817	-0.10717	16.833	12.163	8.817	14.63	13.344	5.4875	-1.984	-1.3221	7.1038	-1.433	-1.0777	7.3072	-0.71911	-1.2643	5.393	1.0198	-0.15587	4.3577
R2A_A_D2_metabat.16	6.2657	4.047	10.582	0.43526	0.53124	10.483	5.9823	-0.88366	10.825	-6.6309	-14.731	-7.692	-7.193	-3.0933	-8.3526	-11.612	-9.4262	-9.398	15.71	18.862	6.1736	14.772	14.666	8.1379	13.221	11.047	8.5813	-9.1187	-7.0879	-1.7512	-13.414	-10.909	-3.2309	-8.3559	-10.654	-6.0307	-9.0954	-1.6811	2.5842
R2A_A_D2_metabat.7	4.3662	3.712	4.4639	2.6789	2.0607	4.8179	3.5886	1.0901	4.76	-3.1595	-3.0559	-5.8177	-3.4163	-1.431	-6.1456	-4.8831	-3.7125	-5.8098	12.802	19.187	2.0497	17.974	16.995	9.6261	13.829	9.4997	9.1057	-4.1205	-4.5743	0.035811	-4.9067	-3.1359	-5.3326	-3.8328	-1.9645	-6.0307	-3.1538	-3.7799	1.3694
R2A_A_H2O_concoct.62	-0.81904	-3.4585	14.834	-5.9235	-4.5989	17.217	-2.4712	-3.8508	17.041	-15.056	-9.9059	-3.1657	-9.5275	-10.342	-2.4833	-11.612	-13.076	-4.891	-3.3567	-3.0073	16.726	-3.9227	-3.3752	16.001	-3.1564	-2.2546	14.124	-5.9022	-9.4906	0.81955	-11.099	-8.2307	-5.3326	-9.5941	-9.5687	-6.0307	-8.2894	-6.4817	6.0636
R2A_A_H2O_concoct.78	0.62008	-0.52333	16.285	0.18829	-0.51075	19.106	0.29534	-0.93747	19.041	-4.9182	-3.6971	-2.4285	-5.4462	-4.7469	-2.4064	-7.5296	-5.5621	-3.7517	0.69102	0.066398	17.458	-0.9033	-0.31877	17.082	-0.22888	-0.89668	15.262	-5.8299	-6.3698	-1.1422	-7.0064	-5.0779	-2.3194	-5.3417	-4.5005	-6.0307	-4.7278	-6.4817	0.83531
R2A_A_H2O_metabat.16	2.0466	1.6891	17.12	0.94007	0.54766	19.785	1.77	-0.47403	19.876	-2.2145	-1.6751	-1.5056	-2.2446	-1.5648	0.77676	-2.6447	-2.3604	-2.8938	1.3248	2.4307	18.249	2.2645	1.6995	18.052	1.8146	1.5638	16.491	-2.8892	-2.8285	5.0935	-4.0977	-2.7578	0.88953	-2.3874	-2.6689	1.3985	-2.032	-2.4723	0.83531
R2A_A_H2O_metabat.20	0.86246	0.084925	13.424	-0.82358	-1.7763	16.823	-0.12672	-1.7498	16.882	-5.0481	-4.2927	-1.7528	-4.7303	-5.6751	-1.3669	-5.2049	-5.2928	-3.3415	-0.50297	3.261	19.035	0.48554	3.4791	18.43	0.19273	0.47098	17.156	-5.8778	-2.3887	8.7405	-6.8704	-3.9737	7.3325	-6.1099	-3.3711	4.7679	-3.9969	-6.6855	12.332
R2A_A_H2O_metabat.22	2.7705	1.7581	18.327	2.8904	2.4435	20.804	2.5078	1.2174	20.845	-3.0423	-2.701	0.35826	-2.362	-2.3125	1.2616	-2.2592	-3.0383	-1.0484	4.6868	6.2434	18.322	5.2172	4.3897	18.354	4.5279	5.3739	16.114	-2.9805	-3.2644	1.5193	-3.7732	-2.9886	-0.73422	-2.1632	-2.6385	-3.2992	-1.197	0.1509	2.5842
R2A_A_H2O_metabat.49	-0.455	-2.0094	19.829	-3.3837	-2.0124	21.61	0.49481	-1.7293	21.715	-12.865	-14.731	2.4505	-6.5017	-11.33	3.3836	-11.612	-15.184	0.41815	-2.6152	-0.99573	19.223	-1.1684	-0.70991	19.73	-0.088938	-1.3067	17.796	-9.1187	-6.1803	3.5563	-9.7433	-10.758	-2.3194	-11.893	-11.827	-1.4923	-9.0954	-5.4679	-3.6411
R2A_B_D1_concoct.4	7.5724	6.532	6.1649	5.1941	4.4089	3.8333	6.0573	3.6307	3.0051	-1.5091	-1.1674	-2.2469	-0.76717	-0.034067	-2.2072	-0.34687	-0.52417	-3.2636	16.59	17.064	1.023	18.989	13.79	8.3802	15.23	13.126	9.8476	-2.2901	-1.9097	1.6074	-1.4964	-1.3928	-0.8967	0.29213	-2.0797	-0.02645	1.3558	4.393	5.4952
R2A_B_D2_concoct.11	2.5634	4.3733	3.0391	1.4148	0.91432	4.5205	1.5521	7.1942	6.4797	-8.7028	-6.5039	-9.0922	-7.0478	-6.0734	-7.6817	-7.0917	-8.1992	-8.173	-0.56435	1.794	-0.012146	12.799	19.015	1.6125	18.158	22.253	2.4015	-6.0035	-5.6391	3.8923	-6.3053	-7.6824	-5.3326	-8.0545	-7.3663	-6.0307	-4.0198	1.2378	3.1144
R2A_B_D2_concoct.37	0.78005	1.0171	0.15251	-0.070005	-0.81967	-0.54887	-0.32836	-0.24455	-1.5153	-6.4752	-6.2438	-6.0269	-6.7256	-6.2054	-7.1724	-5.9957	-7.1973	-8.5157	0.85298	9.9391	-2.2252	13.146	17.751	2.9852	13.493	14.596	5.6021	-7.0603	-5.3334	0.32445	-7.2561	-8.1203	-3.2309	-7.3411	-9.5687	-6.0307	-6.2658	0.91964	-0.7392
R2A_B_D2_concoct.47	1.4677	1.7007	-1.14	0.8519	0.56397	-1.82	1.4937	0.95079	-1.6279	-4.8872	-5.5194	-7.692	-6.0782	-6.0734	-7.4113	-5.6002	-6.1471	-9.398	-1.6224	0.066398	-3.425	5.4965	18.637	-2.3935	3.7173	9.4004	-1.2102	-7.0154	-5.7071	-0.89579	-6.5484	-7.1091	-5.3326	-5.7709	-6.3632	-6.0307	-4.1396	-2.2067	-3.6411
R2A_B_D2_concoct.54	4.1141	12.005	2.1614	3.5919	3.6763	0.8271	4.0963	10.969	0.55358	-3.1053	-3.5043	-4.1625	-3.3635	-3.1046	-3.8489	-2.8003	-3.4052	-4.1982	1.9687	9.5228	-1.3835	7.9057	18.164	-0.45155	9.7744	14.523	0.37828	-1.8143	-0.30997	1.2393	-1.3522	2.3013	-5.3326	-3.2691	-2.5851	-1.0527	-0.54393	12.768	1.5282
R2A_B_D2_metabat.6	15.216	17.651	11.585	17.35	18.133	10.536	18.261	20.002	8.9662	-2.5603	-1.7347	-5.1643	-2.8447	-1.8255	-4.8775	-3.4868	-3.2171	-5.0399	9.1793	3.863	6.8297	12.819	19.545	6.1313	12.36	17.41	11.04	-2.7866	-2.1816	0.035811	-4.2818	-3.8733	-3.9735	-3.0765	-4.4471	-3.8248	-1.8514	6.1299	4.4957
R2A_B_H2O_concoct.59	0.78005	0.15603	16.772	0.4483	-0.47713	19.543	0.60113	-0.99273	19.501	-5.1523	-3.9796	-1.3775	-5.1733	-4.6595	-1.5189	-7.789	-5.4416	-4.1241	1.1983	0.21627	17.474	-0.38979	0.03202	17.821	0.030284	-0.46558	15.695	-5.25	-5.6391	-1.7512	-6.6629	-4.9919	-1.9952	-5.4123	-3.6741	-3.8248	-3.9969	-6.9136	0.83531
R2A_B_H2O_concoct.69	1.722	-1.1408	15.782	-2.2604	-2.2836	17.973	0.34889	-1.9449	17.875	-5.7437	-4.2927	-1.4246	-6.5017	-5.2269	-1.547	-5.8883	-6.9193	-3.0209	-0.53345	-1.0805	17.493	-1.5641	-0.61677	16.775	-0.63894	-1.6235	15.258	-3.4037	-5.8515	0.035811	-7.4223	-4.757	-3.2309	-7.2428	-4.0577	-3.8248	-5.5743	-2.928	17.489
R2A_B_H2O_concoct.80	-0.19445	-0.73435	15.887	-1.8022	-1.6987	18.569	-0.71061	-2.2422	18.748	-5.7946	-4.6777	-2.4014	-6.1643	-5.6751	-0.91468	-9.8895	-8.3645	-3.4231	-0.86438	-0.74196	17.748	-1.2259	-1.0167	17.786	-1.213	-1.3395	15.932	-8.3391	-6.1803	0.81955	-8.7301	-8.4691	-3.2309	-6.9737	-7.6455	-3.8248	-5.1666	-6.2977	3.3991
R2A_B_H2O_maxbin.029	1.7395	-0.40582	15.449	-1.7122	-1.6987	17.694	0.92568	-3.2749	17.834	-7.1915	-5.6898	7.4678	-6.6671	-7.0546	1.4971	-3.5127	-7.7664	-1.2412	-1.5539	0.27613	16.54	-0.85413	0.39805	16.765	-0.67388	-0.53174	14.663	-5.3373	-6.1803	1.6931	-6.8271	-6.8591	-5.3326	-5.2408	-5.9042	-2.3	-3.6114	-5.0736	12.014
R2A_B_H2O_metabat.10	-0.024825	-2.4562	12.761	-3.7351	-3.3419	16.291	-0.71061	-3.7835	16.687	-5.0147	-4.2665	-1.6252	-3.5367	-5.7802	-1.2179	-6.1097	-8.9451	-4.6519	0.33437	2.9309	21.34	0.81893	3.0403	21.088	2.6096	1.388	20.19	-4.9679	-4.725	5.8894	-6.4056	-6.9802	0.45621	-6.8126	-5.9042	-1.3347	-3.3284	-4.4218	9.4631
R2A_B_H2O_metabat.42	0.23859	-1.3095	18.492	-1.8968	-1.7449	21.043	-0.20306	-2.4115	21.043	-4.5286	-4.2665	0.97948	-4.9597	-5.5758	3.4373	-5.5564	-6.0355	-0.48331	-1.9247	0.61894	17.896	-0.97072	0.98097	18.269	0.87885	4.2263	16.33	-5.0118	-4.8475	3.1863	-6.5858	-6.8013	0.15701	-5.3417	-6.972	-1.1888	-4.5605	-4.0461	15.352
R2A_C_D1_concoct.10	4.6953	3.4514	3.1158	1.9932	1.174	2.434	2.7862	0.5148	2.4025	-4.4086	-3.9578	-3.8216	-3.9481	-4.067	-3.5312	-3.75	-5.189	-5.7622	6.7227	10.963	1.1199	8.7806	10.935	4.1493	18.272	15.493	4.7298	-5.6078	-4.6108	4.3245	-5.1963	-4.9607	-5.3326	-4.0943	-6.6435	-6.0307	-3.3131	4.0755	3.5773
R2A_C_D1_concoct.15	2.5358	1.9892	2.1961	0.44179	-0.094266	1.203	1.0917	-0.1003	0.99053	-4.9498	-5.0895	-6.2633	-5.0991	-4.0275	-8.3526	-8.824	-5.8309	-8.5157	2.96	14.414	-1.6246	14.339	15.694	2.1313	19.036	19.749	4.4868	-5.5665	-5.1223	4.8548	-7.3654	-5.2155	-5.3326	-5.5628	-5.8248	-6.0307	-4.9938	-2.6746	-3.6411
R2A_C_D1_concoct.52	6.7518	4.2094	11.121	1.0309	0.58019	10.995	6.4995	-0.83119	11.428	-10.506	-12.342	-9.0922	-9.3267	-5.5758	-9.3027	-12.972	-13.076	-9.9868	10.289	16.086	6.8349	13.337	16.087	7.8028	18.012	17.131	8.7583	-9.6249	-8.2139	2.2389	-10.865	-16.368	-3.2309	-11.893	-15.483	-3.8248	-14.686	-1.4374	-0.093217
R2A_C_D1_concoct.8	4.1499	3.983	2.2589	4.7262	6.5531	0.68274	2.7862	4.9251	0.48812	-0.5169	-0.094438	-3.3889	-1.7536	-0.5811	-4.2859	-0.54018	-1.4723	-3.9684	4.6637	10.503	0.32302	13.055	19.625	2.7485	20.233	21.675	3.4312	-3.0627	-2.3688	6.9125	-2.9188	-2.8738	0.04872	-1.7795	-3.2379	-0.288	-0.41981	11.233	1.3694
R2A_C_D1_maxbin.009	7.6309	6.8751	6.3283	5.7473	5.4804	3.8746	6.4068	5.1224	3.1535	-1.4786	-1.3274	-2.3747	-1.0895	-1.1763	-2.9906	-0.79306	-1.1961	-3.4231	8.289	16.374	1.0586	16.853	14.174	6.5747	21.696	16.213	8.0491	-2.5038	-2.646	9.5445	-2.1103	-2.3831	0.36035	-0.76337	-2.9264	-0.58341	0.29398	8.1137	2.2243
R2A_C_D1_metabat.16	1.3521	1.7353	1.6014	-0.014518	-0.066205	2.9973	0.56887	2.8923	3.3239	-2.2145	-2.0506	-2.2224	-3.5954	-2.5172	-2.8108	-3.1299	-3.3364	-4.1241	1.5076	11.008	1.0938	11.758	15.833	4.1847	18.318	17.949	5.7707	-4.5472	-4.2182	3.1863	-3.5338	-4.6251	-0.58323	-3.4182	-4.0717	0.054674	-1.9188	14.656	0.41282
R2A_C_D1_metabat.17	6.7411	12.243	5.6074	4.1227	4.1775	5.9425	4.9863	9.5341	6.4175	0.16265	-0.018459	0.92848	-1.2357	-0.74333	0.74968	-0.88653	-1.2273	-0.86047	4.2971	10.716	8.6613	10.39	16.709	7.6188	18.421	20.396	6.4183	-1.5429	-0.89287	5.1263	-0.90246	0.55426	1.1204	-0.46411	-1.7098	2.4353	2.6484	14.942	4.4273
R2A_C_D1_metabat.18	8.4183	8.1262	7.5951	5.9896	4.7171	4.7149	6.2325	3.7914	4.5411	-3.2502	-3.5209	-3.1657	-3.2222	-2.0039	-4.0336	-3.226	-3.1353	-4.8075	11.23	16.232	2.0627	14.593	14.26	5.4067	17.373	13.598	7.931	-4.593	-5.0734	1.3355	-4.4886	-4.2888	-3.2309	-3.2189	-4.8398	-3.8248	-2.3944	2.9784	-0.093217
R2A_C_D1_metabat.4	15.192	12.879	14.751	11.689	10.247	12.551	12.883	6.1961	12.317	-1.2047	-1.1227	-2.2469	-1.7536	-0.97496	-2.9285	-1.622	-1.6031	-3.3644	16.171	18.428	7.1677	17.709	18.184	12.759	20.805	21.435	14.121	-3.4619	-2.556	7.7908	-2.9557	-2.5542	-3.2309	-1.2772	-3.8735	-1.1888	-0.84716	3.8379	5.1165
R2A_C_D1_metabat.5	10.102	10.123	10.451	8.2658	8.4157	10.92	9.105	9.3458	11.271	2.2834	2.7338	1.1219	4.1487	3.1893	1.3347	4.4453	3.0815	0.22272	13.274	16.313	8.7369	16.762	18.889	11.845	20.116	20.134	13.399	1.1615	1.4771	6.9517	2.7278	2.058	3.4294	5.5781	0.66823	1.9354	6.9872	11.297	4.1405
R2A_C_D2_concoct.10	4.2074	7.7803	0.39342	3.2933	2.9896	-0.1918	4.2464	5.2209	-1.0328	-3.9814	-4.4596	-4.4958	-2.813	-3.2094	-5.5828	-3.1934	-2.8764	-6.1837	16.196	14.511	-0.99573	15.684	15.225	0.68583	17.852	19.46	0.41779	-3.2558	-2.2358	1.1399	-2.2021	-2.4267	-0.58323	-2.6655	-4.4124	-0.48053	-1.5187	3.4491	6.2344
R2A_C_D2_concoct.16	2.9418	3.6486	1.1999	1.6977	0.79747	0.53023	2.7699	1.7804	0.67984	-3.2042	-4.3194	-4.0178	-3.4708	-3.0273	-4.6946	-3.6623	-3.4169	-5.3454	4.4625	7.8865	-0.093356	7.6909	15.471	0.23561	13.826	18.57	0.58485	-3.9697	-3.3319	0.93038	-3.7137	-3.1047	-2.3194	-3.0494	-4.5556	-1.4923	-2.5926	0.58314	2.8056
R2A_C_D2_concoct.21	3.3071	9.8976	1.3371	4.3467	6.3741	0.19547	3.0899	9.8288	-0.47163	0.34973	0.53433	-1.91	-0.47811	1.0718	-1.7352	-0.55598	-0.43132	-2.9471	3.0634	13.724	-0.48232	10.21	18.62	0.63611	16.07	20.33	1.3406	-1.7799	-1.1548	1.6074	-2.0119	-0.53334	-1.2658	-1.36	-1.5607	-1.8526	0.27459	9.4885	0.83531
R2A_C_D2_concoct.31	5.4387	7.5143	3.4484	5.696	5.6422	2.7266	9.0029	10.85	2.4966	-3.3336	-2.4688	-4.9113	-3.0481	-2.4854	-4.4779	-2.9339	-3.7842	-6.2439	3.1464	6.1444	1.005	6.0078	12.907	1.6836	16.701	20.561	4.4446	-4.1739	-4.6108	1.2393	-4.3551	-4.703	-2.3194	-3.0494	-4.6127	-1.8526	-1.7298	0.67872	0.83531
R2A_C_D2_concoct.34	3.0093	6.4925	1.7552	4.4625	5.406	1.8816	7.2734	9.6965	1.5881	-2.6981	-2.2799	-4.2398	-3.3292	-2.9638	-4.6378	-3.3047	-3.7842	-5.5415	3.5355	4.0994	0.0405	3.6716	13.41	0.92174	15.464	19.645	4.6058	-4.2479	-4.4695	-0.67543	-2.8384	-4.338	-5.3326	-1.346	-3.3527	-3.8248	0.36072	7.9956	-1.674
R2A_C_D2_concoct.36	3.0637	2.5946	1.2693	1.6594	1.0855	-0.13247	1.6545	0.62182	-0.90806	-5.7437	-5.7504	-6.8504	-4.6918	-4.5496	-8.3526	-4.3148	-4.6709	-7.1732	2.6341	7.3698	-1.9006	8.6444	17.464	1.1311	15.901	18.327	1.9732	-5.4867	-5.5104	1.6074	-4.7242	-5.1568	-3.2309	-3.4634	-5.6058	-6.0307	-1.7112	-0.073968	-1.674
R2A_C_D2_concoct.4	9.1817	13.901	7.4477	9.763	11.037	7.1391	12.104	14.573	6.1988	0.61207	0.62073	-1.0894	-0.79275	0.39076	-1.4369	-0.23424	-0.96568	-1.8585	8.8206	7.8475	4.3422	7.6078	16.55	6.8199	15.89	20.456	10.941	-1.6997	-1.9406	0.70411	-0.66571	-1.8769	-3.2309	0.4999	-0.35925	-0.92522	4.7248	8.5416	-1.674
R2A_C_D2_concoct.41	2.2323	8.9865	0.12941	3.5518	5.1474	-0.16194	2.3418	8.924	-1.4614	-0.21563	0.018641	-2.1275	-1.06	0.25432	-2.4368	-0.95549	-0.76119	-3.0303	2.4613	6.7056	-1.6533	10.912	17.165	0.73466	17.677	19.57	1.2605	-2.389	-1.82	1.6931	-2.5796	-1.2729	-0.73422	-1.8465	-1.6425	-0.288	-0.55778	11.587	1.0244
R2A_C_D2_concoct.42	9.347	8.3897	5.9302	8.2362	7.4412	3.9073	8.3047	8.2585	3.6001	-0.8281	-1.0067	-1.8102	-0.074803	-0.23748	-2.1805	0.28968	-0.63944	-3.1788	13.37	15.605	1.766	15.292	14.189	8.0544	19.58	20.153	10.085	-1.4036	-1.0936	5.2231	-1.0416	-0.55893	-5.3326	-0.51983	-1.0318	-2.8986	1.3591	2.8625	2.0959
R2A_C_D2_concoct.45	6.5414	3.4479	6.8927	1.6765	0.95221	2.2592	3.2256	-0.77999	1.9181	-11.489	-10.9	-12.268	-8.6528	-6.1382	-13.689	-12.972	-10.759	-11.705	13.314	16.379	-1.2147	14.568	16.768	6.6213	16.826	20.12	8.0881	-11.523	-6.8178	0.81955	-13.414	-13.24	-3.2309	-14.095	-12.325	-6.0307	-9.8272	-4.6126	1.824
R2A_C_D2_concoct.49	-0.4948	6.8504	-2.0077	-0.5795	0.28982	-1.6312	1.5055	8.1969	-1.5153	-3.3959	-3.2157	-5.6303	-4.4771	-2.7674	-6.7661	-3.5258	-3.8746	-6.5065	-1.9661	8.0286	-3.9812	6.3272	16.695	-1.7287	14.046	19.877	-1.4325	-5.927	-5.1223	0.70411	-4.8484	-4.93	-2.3194	-4.145	-6.6435	-3.8248	-2.5144	8.1717	-3.6411
R2A_C_D2_concoct.51	10.02	10.314	6.4598	8.3796	7.9898	4.4998	12.518	9.3516	3.975	-5.0481	-4.0468	-3.2515	-3.1443	-3.2581	-3.9204	-4.1548	-2.231	-4.5556	7.6613	4.0586	0.93195	6.2569	12.68	1.6977	16.064	19.646	5.4484	-4.1921	-3.4023	0.32445	-3.5273	-4.7479	-3.2309	-2.9117	-5.0763	-6.0307	-1.0211	5.2256	-0.093217
R2A_C_D2_concoct.69	8.1319	8.8325	5.1797	9.0504	10.437	3.9073	9.0623	11.803	2.9746	1.6545	1.0552	-1.0364	1.7144	1.6225	-1.547	2.2657	1.0601	-1.9591	7.5689	9.7172	0.88531	9.5168	13.187	4.9208	14.886	19.653	6.2432	-0.50491	-0.18779	0.93038	0.3416	-0.14446	-0.44202	0.95642	-0.95903	-1.4923	3.099	8.1118	1.824
R2A_C_D2_concoct.9	5.721	5.5481	5.3264	3.6855	3.1865	4.9732	4.5016	3.8613	4.2077	-1.2465	-1.2178	-1.556	-1.3116	-0.6745	-2.3914	-1.2983	-1.6853	-3.3529	6.1545	12.437	3.3071	12.134	17.68	4.3294	16.981	20.079	4.7233	-2.6859	-2.4599	-0.12247	-2.187	-2.3251	-0.58323	-0.8908	-3.0596	-0.92522	-0.033468	5.8472	14.816
R2A_C_D2_maxbin.022	2.873	4.8419	1.352	1.5594	1.8207	0.03707	2.2581	5.7891	0.44355	-3.8108	-3.3922	-3.9498	-2.864	-3.1974	-5.4888	-3.0587	-3.4769	-4.9198	7.0117	14.119	0.19192	13.568	18.573	2.8713	19.16	21.028	3.7549	-4.183	-3.3844	4.4448	-3.5273	-4.2076	-1.0729	-2.3936	-4.7536	0.20922	-1.3743	10.836	-0.093217
R2A_C_D2_metabat.10	1.57	1.6126	0.80812	0.17383	-0.45224	-0.37954	0.70338	0.15594	-0.10717	-4.8269	-4.8162	-6.2633	-4.2569	-3.8604	-6.7661	-5.3144	-4.8821	-7.4949	0.89921	13.149	-1.3835	12.548	20.344	2.1251	18.556	20.563	3.607	-5.8299	-5.5104	5.0935	-4.5838	-4.6593	-2.3194	-5.026	-5.9873	-6.0307	-1.4319	2.8778	-1.674
R2A_C_D2_metabat.18	12.369	13.902	9.9448	12.03	12.243	8.0164	13.504	14.117	7.1879	-2.5371	-2.1016	-2.5125	-2.0921	-2.2982	-2.2208	-2.1791	-2.3413	-3.3993	5.4278	4.6818	11.934	6.094	13.39	8.9014	14.767	18.918	11.377	-2.3669	-2.1816	-0.47555	-1.8799	-2.9256	-3.2309	-0.52454	-3.0519	-6.0307	0.80935	1.9333	3.1144
R2A_C_D2_metabat.27	6.5115	5.876	3.6699	3.8262	2.9613	1.8529	4.1888	3.9584	1.4493	-2.576	-2.4418	-5.1643	-2.9366	-1.4898	-5.3995	-2.1671	-2.6364	-5.6265	5.0823	15.422	0.32302	10.106	17.787	1.4952	16.034	19.972	2.656	-3.4619	-2.556	1.858	-3.3713	-3.5273	-0.30921	-2.6441	-3.8986	-6.0307	-1.3437	3.5462	4.2144
R2A_C_D2_metabat.38	4.0184	3.5253	3.3325	1.8748	1.0675	2.3726	2.7082	0.96318	1.7644	-2.857	-3.5209	-3.7611	-3.5756	-3.2956	-3.7804	-3.9402	-3.6985	-5.1691	2.7241	3.9255	0.43659	3.8837	11.74	0.65611	15.037	18.595	2.3097	-5.3019	-4.1329	0.45722	-4.2614	-5.0024	-2.3194	-3.1509	-5.2636	-6.0307	-2.1921	3.1975	4.4957
R2A_C_H2O_concoct.67	0.03977	-0.90349	11.794	-0.71403	-1.5384	14.928	0.64092	-2.2693	15.279	-3.7946	-1.4486	-3.4871	-4.5111	-4.1699	-2.8687	-8.0841	-6.8347	-4.891	-0.6275	0.25236	21.777	-1.6347	-0.37936	20.347	0.26424	-1.2116	17.911	-6.0035	-5.4494	3.8461	-6.5484	-7.8662	0.15701	-3.6316	-6.2131	-1.6639	-3.5404	-6.4817	-1.1527
R2A_C_H2O_metabat.16	-1.9471	-2.7302	14.568	-3.5755	-3.1253	17.651	-2.04	-3.1801	17.802	-6.1977	-6.0158	-4.1625	-4.8102	-6.2054	-3.4192	-6.5754	-7.2992	-6.6529	-1.2868	-0.20618	20.333	-1.0053	0.21381	19.814	0.37908	-0.049753	18.83	-10.248	-5.3904	2.5167	-6.5484	-9.6606	-1.7198	-6.6639	-9.5687	-2.3	-4.693	-5.2596	4.4957
R2A_C_H2O_metabat.4	1.3126	-0.44431	17.088	-1.5441	-2.1624	18.105	0.76443	-2.6319	18.044	-4.4556	-4.0699	-0.42751	0.64693	-3.3864	-0.62599	-4.7973	-6.0904	-2.4965	2.0132	7.425	24.113	4.8996	8.2171	23.632	8.1343	5.9194	22.89	-7.3014	-1.0538	11.659	-4.1537	-7.6389	2.3855	-5.1766	-7.6455	0.86697	-4.1646	-4.3627	11.193
R2A_C_H2O_metabat.5	6.4884	4.8297	15.775	3.225	2.3132	18.122	4.4685	1.0544	18.181	3.6517	3.9711	2.3378	1.3898	2.1866	2.6576	2.4283	1.908	-0.45871	4.8469	6.4964	22.169	4.3786	5.4338	21.742	4.8626	5.2425	21.064	-1.263	-1.0637	6.0191	0.29353	-0.86854	0.36035	2.2877	-0.84394	0.68614	4.192	1.0196	7.8871
R2_A_D1_concoct.119	-4.2573	-3.2169	-4.1283	-2.5422	-0.57958	-2.185	-3.0922	-1.0785	-3.1778	13.526	13.23	9.6858	12.046	14.501	9.0074	12.166	10.338	10.426	-3.2228	-2.7234	-2.5256	0.40226	-0.96233	-2.0138	-1.5893	-3.1471	-4.3459	12.636	9.6524	6.4045	9.9293	9.7686	5.5925	11.176	16.57	7.1118	5.379	-0.66038	1.3694
R2_A_D1_concoct.29	3.129	2.8463	2.2419	1.6422	0.87591	0.48499	1.8077	0.38033	0.95353	2.1817	3.0904	-0.22092	1.9647	8.1621	-0.25655	3.1937	7.5521	11.246	2.5349	3.1045	7.2064	3.8804	2.4589	4.0668	3.3378	3.475	2.3517	13.608	8.2716	4.0713	2.7674	12.095	3.3141	2.3099	12.524	5.6245	2.5127	1.3716	1.2019
R2_A_D1_concoct.35	3.4983	4.7534	3.1909	3.0413	3.8281	2.3477	3.7293	4.8871	2.0257	2.9331	4.4024	1.3731	7.1206	7.1199	1.2445	4.2046	8.6913	11.353	8.9655	11.393	3.0212	10.917	10.745	3.6602	12.216	12.06	3.9862	13.821	10.295	2.3104	5.2887	12.217	3.072	8.5084	8.8396	5.361	4.8548	5.1096	10.72
R2_A_D1_concoct.49	6.2854	6.2978	7.3348	6.1345	5.7205	6.7942	6.0819	5.6194	6.2321	15.865	17.085	10.696	16.013	17.465	9.8135	15.621	15.635	12.282	11.868	11.263	8.6681	11.119	9.0103	9.7316	10.115	9.3274	10.301	14.441	12.543	5.3789	11.702	14.819	9.0337	14.098	12.675	8.3022	15.34	8.8682	8.0125
R2_A_D1_concoct.52	-4.8158	-5.2529	-7.9735	-4.5899	-4.2349	-4.918	-4.4817	-5.83	-6.059	0.97122	-0.63976	-2.1982	-0.40334	2.5022	-3.4192	4.1939	3.4938	9.7411	-12.29	-7.7667	-5.4678	-1.7584	-4.676	-5.808	-4.8411	-3.4407	-4.6606	12.173	3.1721	-2.6604	0.41161	2.1019	-2.3194	-1.6319	-2.8161	2.7116	-0.92405	-3.0303	-1.1527
R2_A_D1_concoct.66	0.88557	0.44864	-0.0017177	0.36903	0.12151	-0.10336	-0.011548	-0.81827	-0.43892	-1.5091	-1.8088	-1.8896	-2.2086	-0.5402	-2.3618	-0.17769	3.9629	5.983	-2.0741	0.027446	-0.89445	1.4972	0.29222	-1.1936	-1.1236	-0.40133	-1.2594	11.917	12.913	-3.3873	3.6829	6.3898	-1.0729	-0.36543	0.41275	2.2888	-1.3743	6.5628	-3.6411
R2_A_D1_concoct.84	6.2184	5.4937	2.8472	5.3927	4.922	1.203	5.7939	4.8669	0.32865	12.922	5.2587	7.4058	11.345	7.2479	7.4631	13.431	8.9726	11.714	-0.031054	0.0011239	0.11738	5.5006	4.6281	-0.11669	3.2377	3.2698	1.9778	14.357	13.127	0.70411	13.123	11.448	5.0039	11.904	12.188	5.8838	9.6746	3.0411	0.63239
R2_A_D1_concoct.93	-3.6082	-4.1765	-5.923	-4.3322	-4.8621	-8.746	-5.0111	-4.7333	-3.6542	-1.3129	-0.44186	-1.8297	-1.1625	-0.46619	-3.5901	1.3355	2.8122	6.2816	-12.29	-3.9812	-3.274	-0.71315	-2.292	-5.808	-1.5618	-1.6235	-5.198	9.4393	5.7344	-1.1422	7.9691	8.1367	-0.58323	0.39652	1.2852	1.0913	-3.283	-3.0041	-1.674
R2_A_D1_concoct.98	-6.0473	-3.7406	-2.9714	-2.4345	-0.65969	-1.1555	-4.2684	-1.2143	-2.1609	16.847	17.242	11.704	14.831	16.417	9.9002	14.406	14.233	11.479	-3.8998	-2.1479	-2.8881	0.79469	-1.6612	-1.4555	-1.6455	-2.0512	-6.5502	12.748	8.758	2.0154	9.2577	14.404	5.172	11.622	12.108	4.3677	12.334	3.7739	1.5282
R2_A_D1_maxbin.001	0.19411	1.4601	6.8959	-0.84619	-0.97166	10.075	0.088549	-0.47403	9.2152	-2.26	-1.646	2.2969	1.0835	1.3352	0.66681	-2.0013	3.3411	9.0349	7.5545	2.8122	8.0596	1.7015	2.8748	6.3572	1.8825	2.9249	4.4399	11.668	6.7642	-0.29219	2.3802	9.2585	-1.2658	-1.081	10.279	2.9992	2.1713	5.3949	46.052
R2_A_D1_metabat.10	-1.3182	-1.6045	-2.4452	-0.83486	0.55855	0.55256	-0.78139	0.91959	-0.57276	18.081	18.255	12.389	15.294	17.037	11.331	16.884	16.376	12.33	0.38345	-0.02549	4.5308	4.0687	1.1772	5.4067	0.96148	0.57194	0.88406	13.685	12.422	4.1577	14.381	13.261	9.789	15.429	13.124	7.2735	17.461	8.8663	3.5773
R2_A_D1_metabat.12	7.1259	6.5889	7.1938	5.4034	6.118	8.8985	6.2575	5.9659	8.9481	19.61	19.888	15.762	18.828	19.883	15.457	19.478	19.014	15.354	6.4355	7.8727	12.222	11.414	7.8728	11.305	9.8325	8.6195	9.5413	16.185	15.226	8.2685	17.041	16.862	14.324	19.139	16.444	11.534	18.683	12.95	10.227
R2_A_D1_metabat.24	-0.455	0.053803	2.9561	-1.36	0.58019	6.8123	-0.52396	0.32608	6.8208	8.0553	7.3749	1.6821	9.241	10.826	1.7284	5.6296	6.5702	13.518	-2.1421	-1.5684	5.8018	2.0706	0.7183	3.9262	0.66588	0.0040303	1.2373	15.505	11.147	7.2848	9.4793	13.183	5.7557	4.5814	10.804	7.1602	0.73892	3.7586	11.313
R2_A_D1_metabat.32	5.382	4.6061	2.7449	3.973	3.287	2.8154	4.3246	3.0418	1.6627	5.3758	4.8895	0.61395	6.105	6.0379	0.50416	4.3891	3.0675	8.9957	0.57742	-0.12106	2.4424	1.854	3.0403	0.51285	1.3427	2.4049	2.2758	12.131	9.3727	3.5057	7.3451	8.6996	3.2748	6.2573	8.9351	4.5331	4.3035	3.7467	4.3577
R2_A_D1_metabat.50	10.367	9.6368	9.295	8.0596	7.4235	9.171	8.6158	7.3737	9.0357	17.709	17.899	13.163	16.706	18.396	12.525	16.687	15.723	11.579	7.6548	9.4519	7.9997	9.5844	9.6532	7.6998	9.698	10.951	8.5672	12.674	12.855	9.8304	13.599	12.892	11.46	16.6	12.738	9.0576	16.681	10.816	9.3215
R2_A_D1_metabat.61	-2.9849	-2.8172	-0.56757	-1.8968	-0.56217	-1.0192	-2.5063	-3.047	-0.79033	-1.0772	-0.28391	-0.9848	-1.7191	1.1926	-0.83377	3.6899	8.6209	5.7537	-3.9651	2.8539	-3.7746	-0.44273	-2.0411	-5.808	-3.4461	-2.3657	-7.3674	12.461	13.773	7.8059	4.4158	8.2652	7.1906	-0.092702	4.6981	7.292	0.13186	10.625	0.83531
R2_A_D1_metabat.7	-0.66166	-0.063879	-0.59917	-0.18505	1.4687	1.924	-0.0013485	1.7182	1.465	12.257	13.211	7.9526	11.403	13.482	6.3311	11.262	11.731	14.074	-1.2147	-0.4987	2.6949	2.755	0.84647	1.35	0.68594	1.1561	-0.31646	15.994	12.139	1.858	10.305	13.793	3.8573	13.085	14.741	7.9665	10.472	3.0349	9.4167
R2_A_D1_metabat.9	-1.3182	0.064222	-1.5004	1.3018	3.8056	-0.62042	1.1647	1.3612	-1.6867	13.642	14.694	10.109	12.341	14.343	8.2385	13.157	13.155	12.614	-1.4876	-0.97508	-0.81683	2.8212	1.5348	-0.71809	0.030284	1.7683	-1.5442	14.564	11.392	0.81955	12.031	13.889	5.854	14.441	13.935	6.7309	12.738	5.1518	2.2243
R2_A_D2_concoct.19	-3.6082	0.0010267	-5.923	3.9954	6.6767	-4.918	-0.192	6.9052	-4.3211	4.1495	2.7467	5.9772	5.764	2.6303	8.87	6.5646	8.0359	4.0117	-3.0208	-0.85528	9.6041	-0.084132	-3.479	4.6865	1.2946	-1.4412	2.4789	4.4873	18.79	24.536	6.5442	7.5842	23.74	7.4748	6.9956	23.822	3.1475	2.4742	-0.7392
R2_A_D2_concoct.67	-2.2145	2.353	-4.9745	5.2971	8.0955	-5.9905	2.1822	9.2227	-4.3211	5.3485	3.59	4.2895	5.2826	3.2461	5.2031	5.6045	6.6663	2.4285	-2.0741	-0.59964	8.0938	0.060337	-2.6485	3.5112	0.93421	-2.4239	1.3179	2.744	18.308	24.121	4.1535	3.4242	23.374	3.7635	2.3295	23.187	2.9566	4.6035	-0.7392
R2_A_D2_concoct.9	-2.7746	2.5036	-5.1678	5.3112	8.0275	-3.5975	1.7374	9.2773	-4.3211	7.0014	6.5936	6.4564	6.4448	5.3516	7.9206	7.3768	7.9606	4.4734	-1.9661	-0.22068	9.5477	1.0873	-1.6998	4.6278	2.0145	-1.3067	2.3933	4.4881	19.245	24.776	6.3689	5.7377	23.781	6.4015	4.7223	23.735	3.5205	4.8508	1.3694
R2_A_D2_metabat.14	-1.7505	4.4982	-3.8247	7.5669	10.215	-1.203	3.5886	11.3	-1.8103	12.335	12.064	11.077	11.304	11.317	12.842	12.489	12.493	9.5026	-0.7483	0.77011	6.3771	2.6235	-0.16461	2.3933	1.9359	0.22421	0.33814	9.8391	17.458	23.436	10.465	11.634	22.822	9.8078	11.236	22.583	7.7582	7.0997	5.8841
R2_A_D2_metabat.16	-6.5557	-2.251	-4.6432	-0.70338	0.99888	-4.918	-2.9953	1.3612	-6.059	1.4402	1.8639	6.7246	0.1236	-0.30683	10.506	2.6702	0.98348	5.0421	-6.282	-3.5908	7.1334	-2.6676	-10.097	2.8863	-0.02197	-3.5512	0.86421	2.2632	17.925	24.168	2.9463	0.39975	23.609	2.5955	3.2259	23.091	-0.57521	0.79568	11.209
R2_A_H2O_concoct.11	-0.8425	4.5248	-3.7346	11.31	13.28	-2.8661	6.1788	13.538	-2.9213	9.3989	7.9459	4.8908	11.67	7.081	6.4933	13.169	13.33	4.4353	-0.18372	0.93195	7.709	2.7056	-0.37936	3.152	1.7312	-0.74316	0.61412	7.11	17.528	23.606	10.308	9.6321	22.923	9.3424	7.2075	22.715	9.6583	5.7824	0.83531
R2_A_H2O_concoct.29	-0.41589	5.0771	-5.3854	10.77	12.892	-2.2677	5.4472	12.099	-3.8484	11.121	9.6419	8.7782	9.8354	10.486	9.2291	11.227	10.282	6.9737	-0.031054	1.1884	7.6865	3.0704	-0.83234	3.1845	2.3065	-0.71862	1.2256	9.1317	17.865	23.701	9.5185	8.2341	23.005	10.062	7.5273	23.156	10.608	8.0497	3.2118
R2_A_H2O_concoct.45	-2.7098	1.8701	-7.9735	6.8293	9.2628	-3.5975	2.774	9.6554	-4.98	5.8332	4.5991	3.1308	7.4681	4.3019	5.1272	8.4186	9.1588	2.7024	-1.1451	-0.91432	5.3786	0.38338	-1.9057	1.3656	-0.2145	-3.1471	-0.39208	5.7996	16.311	22.903	6.6384	6.974	22.257	6.1698	5.6836	22.026	4.9964	3.0701	0.83531
R2_A_H2O_maxbin.035	-10.307	-7.0187	-11.132	-4.4995	-2.8161	-8.746	-6.3379	-2.4115	-6.059	-2.0258	-3.3463	-1.9726	-2.4772	-3.2581	-0.72421	-2.4731	-2.4999	-3.1179	-10.304	-7.7667	1.7448	-4.5622	-10.097	-1.4052	-3.8964	-7.0238	-2.7057	-2.1597	11.948	21.125	-1.012	-3.0275	20.656	-1.3285	1.9246	20.043	-4.6255	-2.3613	-3.6411
R2_A_H2O_metabat.14	-1.0665	1.9839	-2.2132	10.809	13.248	-1.5722	2.7248	10.272	0.081796	8.1138	5.8612	16.39	12.954	4.6285	18.438	12.001	14.326	14.466	-1.4394	0.27613	8.3106	2.9836	0.082955	3.9712	1.4597	-0.81852	1.4731	12.229	18.427	24.099	12.273	11.814	23.424	12.328	12.373	23.076	9.7616	3.0783	12.82
R2_B_D1_concoct.110	4.4941	2.5448	2.8902	1.2437	1.3187	3.2784	2.9334	1.3122	2.6556	11.977	13.412	13.127	14.854	11.198	12.61	14.3	11.026	11.21	10.887	5.0978	6.7883	7.0396	3.5586	9.1033	3.7535	3.6638	4.8813	8.8455	8.3863	6.4045	14.61	7.8048	11.043	17.325	7.066	8.8882	18.548	11.318	4.0652
R2_B_D1_concoct.40	6.7194	7.3723	5.6097	6.9823	8.4535	5.5037	8.0545	9.0978	4.5938	12.834	11.948	14.3	13.342	9.3885	13.184	13.946	9.9459	12.605	11.321	1.1884	8.6701	7.814	9.0695	9.7766	5.6945	12.28	10.178	11.354	10.175	2.2389	14.714	10.89	8.4558	15.982	15.789	8.5311	18.653	12.346	2.2243
R2_B_D1_metabat.10	-3.2246	-1.3691	-0.90665	-0.25343	1.7778	3.2784	-0.12672	1.9871	0.83952	19.143	19.749	14.409	17.688	19.004	13.838	18.301	17.246	13.866	1.2034	0.90406	0.90406	6.4798	2.5858	3.2121	3.1061	1.9071	-1.3614	14.535	12.855	5.8092	16.218	14.451	12.215	17.866	14.124	9.0523	18.242	11.208	6.3572
R2_B_D1_metabat.13	6.5573	6.8587	7.0376	6.7671	7.7541	7.3887	6.6165	6.8457	5.7585	18.087	18.219	14.259	18.595	19.207	14.178	17.941	18.009	15.092	12.763	12.519	7.3757	12.43	10.074	9.7852	11.581	10.832	10.051	16.989	16.695	6.0697	16.227	17.482	12.594	18.217	17.009	11.381	17.996	12.1	7.703
R2_B_D1_metabat.22	2.0387	2.1147	1.8136	1.3399	2.0838	2.4218	1.8922	1.7566	0.39821	17.383	17.385	12.369	16.177	17.476	11.788	16.599	16.325	11.303	2.0847	3.1812	4.4175	6.3701	2.9684	3.6845	4.3686	3.7899	1.7376	12.501	12.512	10.424	13.845	13.827	11.321	16.353	13.452	9.7213	15.564	9.369	-0.7392
R2_B_D2_concoct.124	8.4531	7.2766	7.6726	4.9203	3.9443	5.8722	5.8988	2.6745	5.5084	2.0015	4.1707	-0.098492	6.2668	11.077	-0.56679	2.5768	9.8821	6.3315	6.5594	7.0636	3.6272	6.2989	4.4298	4.4096	5.117	6.2749	7.3349	10.681	11.38	7.8359	5.4539	12.451	5.3102	4.0511	12.115	6.7956	5.0988	3.2975	3.0144
R2_B_D2_concoct.143	6.3245	6.1018	7.7832	6.5495	5.6261	8.3846	5.957	4.2569	7.8199	7.535	8.3171	7.1639	11.962	14.337	5.8602	6.5545	12.311	7.8015	10.429	9.2064	8.7873	9.1312	7.3244	8.7555	7.5289	6.5553	9.7261	11.559	12.193	1.037	9.023	14.222	1.9578	9.4416	13.948	4.5129	10.468	5.9688	13.764
R2_B_D2_concoct.32	6.7151	6.1728	7.1594	6.7958	5.5126	6.7134	5.8885	3.9868	5.9024	7.1662	9.8741	5.5361	13.223	14.469	4.7239	7.5769	12.338	7.5467	10.676	9.3816	8.019	9.173	6.8816	8.7814	7.6294	6.4924	9.4585	10.704	9.7795	0.58353	9.4223	13.05	2.8128	11.122	11.005	2.9684	9.6288	5.409	6.8789
R2_B_D2_concoct.39	11.007	10.144	9.2091	8.8799	8.044	6.3286	9.0203	6.6018	5.4417	13.247	14.186	6.4718	13.61	16.45	6.2774	12.656	14.598	11.651	8.3692	10.325	2.5228	10.559	9.7073	3.7995	10.607	9.7732	6.3678	14.295	12.885	2.0914	10.838	14.743	5.2875	12.471	15.125	6.9215	11.934	8.0965	0.63239
R2_B_D2_concoct.4	5.0671	4.8613	4.4079	2.8325	2.9613	2.8806	3.9218	4.7332	2.6109	4.4019	5.0576	-0.99759	8.2307	6.4418	-0.77507	6.1738	11.495	7.5448	6.0874	6.9644	-0.43389	6.0151	3.7073	1.1976	5.2763	3.5906	2.9366	11.209	10.673	0.58353	8.8132	13.739	1.8422	7.8131	12.646	3.9658	7.4013	1.1883	13.214
R2_B_D2_concoct.80	1.1492	0.064222	-0.88835	3.6366	6.425	-0.37954	3.3425	3.3816	-0.079244	10.781	10.926	6.1452	11.24	10.492	6.556	10.24	11.538	9.4926	-0.99998	0.11738	-0.19178	1.2649	1.2105	-1.0851	0.56327	0.95407	-1.131	11.957	9.3966	2.7747	7.6997	11.901	2.8128	9.5316	12.579	4.3677	11.041	1.0905	2.5842
R2_B_D2_metabat.10	8.8896	8.6017	9.9822	9.1533	7.922	10.491	8.3039	6.2896	9.6651	14.781	14.783	7.6045	13.521	16.163	6.6068	14.072	16.166	9.0784	12.914	11.518	12.766	11.4	9.389	12.029	9.894	9.123	12.192	12.511	12.996	0.32445	12.514	14.985	6.0429	12.51	13.942	6.3756	15.018	6.7756	8.6565
R2_B_D2_metabat.16	6.9541	7.0038	8.0918	7.7254	6.6657	8.135	6.8538	5.4274	7.3441	15.637	16.314	11.147	15.675	16.477	10.692	15.19	16.298	12.36	11.56	10.155	9.4557	10.524	8.2215	9.7094	8.8649	7.7149	10.535	14.442	13.249	3.1863	13.699	15.773	8.8026	15.111	14.273	7.7566	13.909	7.3431	9.8508
R2_B_D2_metabat.19	6.6515	6.5755	7.9824	6.4246	5.4597	7.8671	6.2136	5.0674	7.2867	12.175	12.61	10.467	15.086	15.536	9.6168	11.24	14.154	13.037	12.051	11.464	10.347	11.147	9.1054	10.33	10.336	9.6159	10.358	15.541	14.931	2.648	12.456	16.158	6.7253	14.573	16.66	8.905	13.372	7.3654	15.614
R2_B_D2_metabat.20	0.36748	0.13593	0.68002	-0.4152	0.5092	2.3352	-0.011548	0.50751	1.7067	13.197	13.77	11.078	12.54	12.855	9.1287	13.315	12.549	11.055	-0.16626	-0.44992	1.2554	1.08	0.79591	1.4877	-0.37785	1.8523	1.8838	12.163	7.0397	2.2389	12.291	13.039	7.7028	15.984	14.374	4.2604	12.971	1.012	0.41282
R2_B_D2_metabat.38	5.4293	5.42	7.317	6.0584	5.2009	8.5271	5.4177	4.2925	8.0282	15.665	16.48	15.662	15.809	15.756	15.711	15.467	15.772	13.696	8.965	7.4221	10.582	8.5634	6.2998	9.7482	6.6674	5.1915	9.6097	14.163	11.448	5.2231	13.809	14.779	9.789	15.889	11.706	8.1209	15.966	8.256	12.643
R2_B_D2_metabat.43	1.9007	2.5357	3.7119	1.124	1.4687	6.6383	1.949	2.7001	5.9922	9.3127	8.4283	7.8868	11.5	10.562	7.0952	11.027	12.347	7.8944	7.8122	5.6678	6.223	5.5917	4.7761	5.689	4.9359	5.6908	3.4958	10.459	8.358	7.5556	9.6096	12.38	6.5071	10.05	7.8509	5.8278	8.6404	2.5056	15.481
R2_B_D2_metabat.44	7.1394	6.8435	3.7833	6.3161	5.5837	2.1947	6.8681	6.0569	2.1301	14.318	15.936	1.9807	13.788	17.329	1.748	13.76	16.266	14.142	0.83545	2.7964	1.1286	4.8897	5.5657	0.5338	3.4615	4.7053	2.7432	16.359	14.35	2.0914	12.12	15.816	4.3891	7.6021	13.033	8.4285	3.7779	10.104	10.768
R2_B_D2_metabat.45	6.6559	5.3362	3.9112	5.2404	5.1883	4.465	5.5873	6.171	3.6681	8.3099	9.3	6.5451	7.7323	10.726	4.1706	7.391	10.477	7.035	6.3314	6.3693	4.4945	5.9878	7.7483	4.5965	7.9138	10.405	4.9269	12.763	14.194	12.332	9.859	13.146	10.785	7.3848	12.049	10.943	13.272	7.081	3.1144
R2_B_D2_metabat.50	8.1319	7.0767	6.2447	5.3452	4.3599	4.3802	5.7725	3.2707	3.1824	9.8926	10.529	5.5269	10.746	13.984	5.0132	8.4629	10.86	8.9149	5.3709	7.3212	2.7593	7.2677	6.6968	2.5396	7.4563	7.3722	4.2858	12.432	12.54	11.575	8.1226	13.391	10.386	11.32	15.49	11.075	13.118	6.3593	10.215
R2_B_D2_metabat.52	-0.51498	-0.097008	-0.66378	-0.03024	0.24727	1.4888	-0.53678	-0.10964	1.0631	12.405	11.64	6.2458	10.925	12.74	5.9458	11.151	10.15	14.975	-2.1421	-0.87478	-0.99573	4.3672	1.3189	-0.88392	1.9623	0.51472	-1.583	16.823	14.528	7.8804	13.35	13.948	7.6343	11.847	14.475	9.2028	6.7023	4.1298	6.2344
R2_B_D2_metabat.55	4.6991	4.5853	7.1738	5.5286	4.5537	9.0086	4.6019	3.5447	8.4977	16.009	16.371	11.965	15.027	16.323	9.745	14.495	15.898	10.951	8.1138	5.6244	11.116	7.4872	5.1218	10.208	5.1307	3.6302	9.402	13.003	11.868	6.5606	12.638	14.178	9.3166	14.12	13.251	8.2681	15.207	7.9808	12.972
R2_B_D2_metabat.62	-0.2299	-0.020413	-0.73039	-0.7681	0.15991	-0.1918	-0.48596	-0.12844	0.57504	9.7565	6.3654	2.5214	8.7112	9.2211	2.0779	7.5625	8.4075	8.8228	0.16601	0.38043	0.17965	1.5353	0.3832	-0.25631	0.35653	0.81529	-0.81466	11.868	9.6654	9.34	8.4007	10.827	8.3742	6.6895	10.483	8.0992	2.2097	5.748	4.3577
R2_B_H2O_metabat.16	-2.1209	0.26379	-5.923	4.3263	6.9785	-2.4454	0.98907	7.3479	-2.4093	5.6864	4.5881	8.7394	7.5466	5.1547	10.228	9.0063	10.131	6.6644	-2.9462	-0.54859	12.61	1.3931	-1.3128	7.9437	2.7123	-0.76798	5.3507	5.9851	20.517	26.283	8.8921	9.0971	25.061	9.9048	8.8179	25.174	4.2229	3.2331	1.6795
R2_B_H2O_metabat.17	-1.3483	3.9304	-4.1283	7.7385	10.32	-1.6921	3.3599	11.003	-2.5004	6.9111	5.0593	5.4586	6.8381	4.8677	6.8249	7.5744	8.3249	4.1378	-1.504	0.48065	13.175	1.1739	-1.101	8.3179	3.0869	-1.1208	6.1972	6.0331	20.604	26.272	8.3954	6.6007	25.042	8.6215	8.4472	25.685	5.0716	6.8726	3.1144
R2_B_H2O_metabat.29	-6.0473	-5.6745	-7.9735	-5.9235	-3.8819	-3.4238	-8.4762	-2.8084	-4.3211	1.5095	2.4643	0.62035	-2.1132	-0.39728	3.2928	1.2065	-1.0599	0.35814	-6.8702	-3.9812	4.0511	-3.7542	-4.2881	0.78262	-2.4113	-4.2482	-0.93827	1.8306	15.393	22.746	3.4883	1.469	22.415	1.47	5.2496	21.918	-3.908	-0.80692	-0.7392
R2_C_D1_concoct.118	-2.5288	-2.6075	-3.0282	-2.383	-1.1702	-1.82	-2.5422	-1.0495	-3.1778	8.9812	11.535	6.2583	8.3496	11.601	5.4128	7.9445	5.7009	4.51	-2.416	-2.0738	0.0011239	-0.25028	-1.4109	-1.3321	-1.8887	-1.4412	-2.4683	4.8548	2.9448	3.8923	9.187	4.8706	5.1954	13.655	6.7246	2.2512	11.681	1.6905	2.5842
R2_C_D1_concoct.37	3.5036	2.396	1.8709	2.0546	1.9735	1.4403	2.7248	2.1907	1.2874	12.602	13.546	6.4505	10.725	11.739	6.3813	11.103	8.5995	5.6807	1.0984	0.70061	2.8488	1.1881	2.4665	1.1226	1.7382	6.5677	1.6262	6.2279	3.0766	0.45722	8.022	8.9046	5.1248	14.526	9.4394	1.1447	8.2675	0.47018	2.9115
R2_C_D1_concoct.65	12.066	7.8114	8.1307	4.7499	4.4245	6.443	9.2494	4.7353	4.822	17.825	18.727	13.83	15.783	17.291	13.478	17.423	17.298	12.481	13.399	7.3507	11.932	9.4614	4.9874	11.053	5.4186	4.9799	8.5856	11.55	10.023	6.7514	14.693	13.366	11.272	16.474	11.412	9.6396	18.662	9.7125	7.4502
R2_C_D1_concoct.7	-0.14226	-1.5819	0.44512	-1.1386	-1.3521	0.36833	-1.3398	-2.0629	0.46593	4.6876	8.0239	9.8038	12.907	12.16	9.0333	6.6887	4.5217	7.6903	0.44521	0.73061	0.71065	1.9501	-0.61677	0.49174	-0.81962	-1.1809	0.79019	4.8612	4.4804	1.037	12.413	4.247	6.695	16.125	4.8756	3.9658	15.198	4.6492	-1.674
R2_C_D1_concoct.71	2.705	-0.15328	4.4762	-0.67174	-0.64163	3.288	0.75687	-2.0148	3.0651	4.3946	6.9859	10.98	13.833	5.3158	10.875	8.6495	5.3326	9.6429	2.7764	1.6948	4.6502	3.0003	1.2652	8.4455	0.14388	-0.03169	9.8467	7.2017	6.5866	1.037	14.123	7.0201	8.066	16.958	5.5233	3.5143	15.693	5.2799	0.83531
R2_C_D1_concoct.88	0.055651	-1.3095	-0.15346	-1.1917	-0.80992	-0.018112	-1.1765	-0.92389	-0.82885	3.1175	6.0521	7.4467	12.328	9.9764	7.3086	5.9757	4.0583	5.5784	0.33437	1.1112	1.3772	1.8194	0.22969	1.2868	0.47821	-0.27808	1.0003	3.3806	2.8919	2.2389	10.467	2.7711	5.2647	14.693	3.1225	3.8943	15.388	4.1004	0.63239
R2_C_D1_concoct.95	8.0919	6.9414	5.0794	9.4406	10.939	4.051	7.3033	6.1919	3.1047	5.6255	6.4022	8.9423	8.6975	5.6838	10.284	5.3638	4.9209	7.5949	0.3765	-1.1242	5.9175	4.0186	4.276	3.7995	1.4134	3.7247	5.2009	9.84	10.831	4.6369	11.791	5.6255	7.3325	15.799	11.568	6.3635	16.712	7.9432	5.3378
R2_C_D1_concoct.98	3.1874	2.4897	2.0553	3.1834	2.9509	0.29569	3.0749	3.3419	0.57504	10.111	11.56	6.4706	9.4661	9.3647	4.9382	8.6983	7.9416	6.8132	2.566	-2.3906	2.568	1.7669	2.3037	2.0878	0.11909	4.0699	3.4621	8.0713	5.6372	0.035811	10.864	7.9136	4.5874	14.463	10.574	2.3992	13.392	3.0307	-1.674
R2_C_D1_maxbin.062	7.3295	6.7809	4.3189	6.0127	5.4558	3.0594	6.6347	5.1318	2.8714	5.1356	5.9274	3.7795	6.4185	3.2838	5.5364	4.7382	3.467	2.6379	0.8119	-0.14909	2.3062	1.3732	4.3219	1.2547	1.4056	4.0398	3.7804	3.5783	2.6407	3.8461	11.302	2.9915	7.2169	15.521	8.351	3.6454	14.585	4.322	0.41282
R2_C_D1_metabat.17	7.5623	7.4848	9.7721	8.1654	7.2649	11.646	7.3557	6.1808	11.2	16.714	17.528	13.036	17.049	17.764	12.691	16.216	17.092	14.04	12.117	11.009	11.663	11.451	8.9085	11.568	9.8965	8.5995	11.452	15.724	14.171	5.2231	15.143	16.538	10.749	16.984	14.56	9.4504	16.744	9.9475	10.569
R2_C_D1_metabat.25	12.607	11.816	11.145	10.477	10.1	9.9714	10.77	9.0009	9.6394	17.279	17.819	11.714	16.994	18.762	11.576	16.678	16.525	11.968	10.27	11.807	11.229	11.79	11.384	10.553	11.818	11.379	10.225	13.869	12.603	4.9931	13.742	14.948	10.418	16.482	14.738	8.6849	16.876	11.46	7.8356
R2_C_D1_metabat.7	10.068	8.169	8.15	7.4764	6.8102	7.5142	7.8877	5.5897	7.169	7.3002	7.2956	13.314	14.009	11.765	13.086	14.657	12.486	11.625	9.366	9.3994	4.9924	10.279	9.7389	6.0714	9.5264	10.866	7.7641	11.725	11.414	10.687	14.478	11.397	11.388	16.385	10.498	9.6483	17.786	11.198	4.2144
R2_C_D2_concoct.100	8.0339	5.7575	6.0949	11.299	10.142	6.8159	8.0048	4.3231	6.5257	-0.90137	0.69436	-3.0061	-1.2145	3.0468	-3.0118	-1.4719	5.9824	7.2054	7.0097	4.9576	5.4936	5.5671	4.4387	5.5277	2.7862	2.9044	7.45	11.753	12.029	-1.7512	3.1286	14.783	-3.9735	0.30542	17.823	6.8592	0.41426	-0.25936	4.8807
R2_C_D2_concoct.104	-0.64009	-0.40582	-1.1607	-1.3166	-0.93004	-0.73238	-1.058	-0.93747	-2.0126	4.4069	4.2282	5.8474	6.9139	4.3152	4.0399	5.9199	3.3397	8.3569	-1.377	-3.1355	0.51321	-0.97072	0.049118	0.10323	-2.4551	0.6828	0.028451	10.528	5.7012	-0.89579	6.7712	7.8096	1.2647	9.148	14.31	4.0127	12.185	2.5152	1.2019
R2_C_D2_concoct.18	5.8708	5.4958	7.5812	6.2902	5.0959	8.7822	5.2439	3.1175	7.9144	4.3266	5.5173	1.3235	5.2062	6.5066	0.90187	3.766	5.5622	4.7495	9.499	8.5656	10.115	8.4019	6.7756	9.4849	7.0635	6.264	9.2728	8.5333	8.3353	-1.7512	2.7446	12.952	-0.064651	4.7445	15.674	4.3677	4.8468	1.0459	5.0589
R2_C_D2_concoct.21	-6.0473	-4.5053	-5.1678	-5.2639	-5.1732	-3.1222	-4.5994	-4.7333	-3.1778	-2.327	-2.4065	-4.3209	-3.9728	-2.5579	-6.7661	-2.8882	-4.054	0.42492	-4.707	-4.4907	-10.903	-4.8436	-3.7079	-7.8342	-4.0029	-3.4407	-4.9083	2.3024	-0.081173	8.6378	-0.81463	-1.848	7.8573	-1.7839	15.103	6.5749	-3.8444	0.30821	-1.674
R2_C_D2_concoct.45	6.4791	6.4925	7.7724	6.9727	6.2661	7.7216	6.3024	5.3042	6.8313	16.029	16.836	11.728	16.24	17.134	11.276	15.518	16.465	13.195	11.28	10.139	8.9326	10.508	7.956	9.5124	8.9331	7.4267	10.097	15.116	13.639	4.8193	14.024	16.013	9.5312	15.686	14.585	8.7562	15.223	8.5416	9.5539
R2_C_D2_concoct.47	5.6745	5.5878	7.2236	6.0835	5.177	8.312	5.6507	3.9868	7.1437	7.015	7.6922	5.9046	10.628	12.874	4.796	5.9897	11.024	8.7409	9.8747	8.6544	8.5978	8.7529	6.8593	8.376	7.2001	6.0516	9.3961	12.201	12.152	1.3355	7.7419	14.427	1.4025	7.9053	15.015	5.9252	9.0731	4.4963	12.584
R2_C_H2O_concoct.35	-1.3182	4.8102	-3.92	7.7423	10.489	-3.1222	3.5062	11.559	-2.8061	9.1113	8.525	8.1989	8.9568	7.6575	9.2824	9.4913	10.759	6.3468	-0.94964	0.84744	6.8876	3.1029	-0.80728	3.7995	1.66	-0.19946	1.1121	6.3426	17.831	23.701	7.6301	10.6	22.956	8.6025	8.1687	22.928	5.2751	7.1349	1.2019
R2_C_H2O_concoct.60	-0.455	3.9366	-4.1283	11.178	13.012	-1.82	5.9722	13.55	-3.3222	9.3743	7.919	6.0642	12.095	7.2382	7.891	13.213	13.861	5.8342	-0.080853	1.78	10.463	2.9962	-0.35898	6.0189	2.76	-0.29816	3.3686	8.3903	19.674	25.248	11.387	11.579	24.394	10.565	10.18	23.957	9.3592	5.7421	0.63239
R2_C_H2O_metabat.20	-3.4056	-0.042047	-7.9735	3.2333	5.8171	-5.3734	0.028991	6.0058	-3.8484	3.6222	1.8059	1.4412	3.3203	2.3437	2.4719	3.5408	4.37	0.11992	-4.178	-2.7234	5.6317	-1.4739	-2.9343	1.3656	-0.85767	-3.5512	0.028451	2.09	16.527	23.055	2.2564	1.6431	22.354	2.3022	1.7254	22.531	1.2553	1.5981	-0.7392
R2_C_H2O_metabat.29	-10.307	-5.9301	-11.132	-3.627	-2.6285	-8.746	-6.3379	-3.8508	-6.059	-3.193	-3.0945	-0.19414	-4.1848	-4.3025	2.1044	-2.1611	-2.9287	-0.71806	-12.29	-7.7667	3.3436	-6.9331	-5.1794	-0.04988	-3.0281	-10.035	-1.3789	-1.7685	14.122	22.223	-0.52771	-1.3703	21.727	-1.0994	-0.47223	21.312	-4.7634	-2.3083	-1.674
R2_restored_C_black_concoct.12	0.071429	-1.4098	1.1129	-1.0615	-1.9768	2.4218	-1.0745	-2.7004	2.8923	2.1458	3.7609	1.9602	1.9404	2.7318	2.1998	2.4988	1.3686	0.4999	0.096896	0.57716	4.4879	0.62735	0.45663	2.1375	0.33377	0.056634	2.1277	0.51241	-0.1002	-0.29219	7.9024	1.1192	2.8128	12.994	1.675	5.3124	16.647	9.5476	-0.7392
R2_restored_C_black_concoct.17	7.672	6.4012	4.6857	8.7413	10.158	3.9236	6.7079	5.726	2.7759	4.0785	4.945	8.1813	7.107	5.4255	8.8504	4.9772	6.643	6.0802	0.53845	-2.3906	5.5658	2.4581	2.9419	3.945	1.154	3.1818	5.147	10.48	12.302	1.7766	10.425	5.1253	4.9042	12.457	9.3793	7.013	17.473	9.4497	0.83531
R2_restored_C_black_concoct.25	5.7094	6.8655	2.9978	4.4625	4.3722	2.5064	5.2418	5.2264	2.1043	0.42743	1.1442	0.85314	1.5686	0.1361	2.022	1.0964	0.1976	-0.54094	0.80005	-2.7766	3.6648	0.44885	5.8006	3.3383	0.91588	4.8814	4.97	-0.15264	-0.10977	-0.67543	9.3147	0.23661	1.7225	11.666	1.8198	6.0066	17.078	4.2452	-0.7392
R2_restored_C_black_concoct.26	-0.43536	-0.73435	-0.59917	-0.84619	-0.63266	-1.1555	-0.49855	-0.54092	-1.8753	6.2797	6.2822	10.939	5.0497	3.3422	8.6255	8.1641	3.4193	7.9288	-1.7675	-3.0073	-0.91432	-1.2065	0.27673	-1.216	-3.2951	2.0578	-0.35936	3.2302	2.3544	4.5993	8.3221	2.0307	5.0527	11.477	3.6932	3.4605	14.671	3.5947	-1.674
R2_restored_C_black_concoct.43	-0.24783	-2.0094	-0.16656	-2.8779	-2.0672	1.3909	-0.12672	-1.6495	0.63841	7.612	7.1885	8.0422	12.751	8.9277	7.4232	10.743	8.4008	6.6194	2.4684	-1.6533	-0.17746	0.19667	-2.1373	1.0887	-1.355	-2.1501	-0.3378	6.0265	4.5299	-1.1422	12.039	8.1498	4.8275	13.665	7.9108	3.7719	15.786	6.2353	2.4682
R2_restored_C_black_concoct.51	-1.093	0.71958	-1.7652	1.3494	3.0505	0.34435	-0.13747	1.64	-0.99041	12.886	13.198	11.266	12.047	13.126	10.17	15.569	12.31	10.479	4.9665	1.2965	-0.19178	3.6403	0.969	4.9266	-0.81962	0.47098	0.7071	10.992	7.5303	3.8923	8.0975	7.3592	7.1509	10.834	7.2895	5.9252	16.829	7.9798	4.2867
R2_restored_C_black_concoct.57	4.2118	1.4161	5.1747	1.8547	1.2978	4.3873	1.0306	0.17266	3.9283	6.464	7.7601	6.8247	7.7477	5.7068	6.7014	7.5993	3.7212	4.846	4.5814	4.0286	13.095	4.5215	2.8951	10.155	2.2945	1.179	10.155	2.4963	1.5733	2.7119	8.2581	2.3825	4.0857	11.943	3.9688	4.4306	15.533	2.3809	1.2019
R2_restored_C_black_metabat.13	2.202	3.3869	2.4836	1.5104	1.8029	3.5484	2.0799	4.402	3.6428	16.646	16.375	12.585	15.163	16.139	10.512	15.412	14.791	13.138	2.2909	-1.059	2.0756	3.7335	2.3821	2.0753	0.76474	2.8699	2.8211	14.065	9.4984	2.7747	13.489	12.803	7.5643	14.0	13.515	6.164	16.671	2.6005	1.6795
R2_restored_C_black_metabat.2	3.3015	1.7295	3.4647	1.2339	1.1914	4.3442	1.7538	0.16431	3.7924	8.3416	10.009	11.057	14.662	12.875	10.834	8.993	6.0867	8.7587	3.5749	4.9017	2.4307	5.0358	3.2966	3.7444	2.4982	2.152	3.9915	5.6269	5.3016	1.7766	12.839	4.2167	7.9001	16.43	5.4634	7.9815	18.516	10.308	-0.093217
R2_restored_C_black_metabat.22	2.1715	3.3688	0.70798	3.434	4.7851	0.19547	3.6468	5.8892	-0.3749	9.7537	11.271	7.8361	11.221	11.31	6.7838	11.313	9.7192	7.0288	2.5591	1.6658	0.71065	3.3833	5.8457	0.56491	2.5875	5.5308	1.1242	8.9628	8.7536	5.1263	10.534	9.6646	6.8732	13.562	13.562	6.3996	15.048	6.0166	5.391
R2_restored_C_black_metabat.8	6.9359	6.7414	7.2601	5.3652	5.662	6.4869	6.4321	5.6406	6.144	10.587	13.178	11.595	12.571	11.798	11.744	15.672	11.044	9.0788	12.289	13.782	5.4582	12.887	11.768	8.7125	12.831	11.721	8.8964	8.9147	9.8771	4.7474	12.032	12.973	9.0852	15.374	8.9538	7.2827	17.131	9.6012	5.4435
R2_restored_DShore_concoct.12	-4.1059	0.24454	-4.9745	-0.054019	0.82714	-6.9284	-1.0745	9.0829	-3.48	-8.7028	-8.3624	-8.2864	-9.9807	-8.548	-13.689	-9.8895	-9.4262	-15.17	-1.6936	0.0405	-8.8734	-1.733	2.5042	-4.5406	-1.43	2.2273	-4.7799	-11.04	-9.104	-1.1422	-7.8006	-11.409	-5.3326	-11.377	-3.9896	2.2888	-4.4376	17.414	-3.6411
R2_restored_DShore_concoct.17	2.7182	2.5174	1.1448	4.2666	6.4653	-0.074599	1.699	5.7561	-0.53853	-0.57734	-0.050725	-4.5905	-1.5873	-0.80461	-3.9204	-0.71488	-1.5613	-4.4644	3.5566	6.6427	-2.0738	5.9823	8.924	-0.51521	8.9719	10.901	-0.084189	-3.4858	-2.9898	-0.12247	-2.9983	-3.1712	-0.8967	-2.0788	-1.6494	6.6981	-0.28677	18.786	-0.093217
R2_restored_DShore_concoct.2	7.5077	12.653	5.2526	4.748	4.5201	3.6371	5.4472	6.3792	3.4333	-0.048641	-0.29291	-0.006575	0.15915	0.69125	-0.43639	0.92312	-0.25862	-1.607	4.6578	6.4584	2.233	5.5132	8.56	1.7117	8.0986	11.101	3.6158	-1.8236	-1.693	0.45722	-0.65605	-0.61648	0.04872	1.3541	-1.3019	5.1285	2.39	17.554	1.0244
R2_restored_DShore_concoct.20	3.9906	3.6553	2.2645	1.8466	1.7124	1.7211	1.9848	5.0096	1.4176	-1.1092	-1.4382	-1.9515	-1.7328	-1.0843	-2.0402	-1.1527	-2.1271	-3.3188	2.6644	7.243	0.066398	8.3216	14.401	0.44899	14.913	15.561	2.2068	-3.1198	-2.9208	1.3355	-2.506	-2.719	-0.58323	-0.67069	-2.2749	4.9527	0.22295	17.841	1.824
R2_restored_DShore_concoct.21	6.3367	9.3639	3.9789	9.9418	12.516	2.2847	6.0292	8.9392	2.1812	7.134	3.292	0.81767	5.4493	6.6779	0.94659	8.3501	8.9484	-0.42713	4.2126	6.549	1.5849	6.4141	8.0023	1.1057	7.9382	9.3443	2.499	2.9781	5.8249	6.9903	5.1896	1.5113	6.3759	3.1755	-0.027622	6.8275	4.6137	17.621	4.6286
R2_restored_DShore_concoct.37	-0.86623	6.4433	-4.9745	9.8548	12.484	-4.2621	3.9692	12.863	-6.059	4.4389	2.7754	1.7308	4.3275	2.3489	2.2062	5.2808	5.8684	0.54387	-1.3314	0.16732	-2.8881	0.11367	0.47106	-4.0294	0.094048	0.091079	-4.4444	0.87423	4.7437	15.404	2.7299	2.0951	13.937	1.8287	0.35657	13.977	1.9997	17.271	-0.093217
R2_restored_DShore_concoct.38	4.9759	4.9045	3.6737	3.05	2.8619	2.0484	3.6146	11.776	1.6627	-0.47131	-0.38172	-0.87311	-0.94387	-0.42459	-1.1862	-0.10292	-1.0599	-2.6043	3.1873	5.6678	3.5466	5.1623	6.3804	2.8863	7.1526	8.0937	3.164	-2.6672	-2.5781	0.45722	-1.7283	-2.2208	-1.0729	-0.006552	-1.3552	6.7742	2.8546	18.63	0.41282
R2_restored_DShore_concoct.40	3.0396	10.898	-1.8825	15.676	17.497	0.55256	11.08	17.792	-1.7475	7.3391	6.0646	4.9219	9.3491	5.1714	5.0789	10.756	10.756	3.3093	0.47889	2.9259	-1.5408	2.2798	0.48542	-2.0484	1.916	0.64176	-2.4059	3.9932	7.7978	17.137	8.3032	6.4597	15.894	5.9151	3.0891	15.955	6.1382	17.789	6.4758
R2_restored_DShore_concoct.46	5.5946	15.288	0.58466	12.121	14.293	0.5747	13.098	17.614	-0.079244	-2.3685	-1.2742	-4.4958	-1.8499	-1.0362	-4.6378	-0.12467	-1.4409	-4.5094	-0.71467	3.7307	-1.6533	5.1784	14.076	-0.73589	8.3407	13.231	-0.44769	-3.3145	-3.2479	0.18434	1.6097	-2.4036	-1.2658	-0.73203	-1.7722	4.6719	0.69784	18.005	2.5842
R2_restored_DShore_concoct.68	5.1118	7.9697	2.2645	7.0274	9.2801	0.27101	3.7574	15.449	-0.10717	0.72026	1.192	-2.1508	0.29912	0.64731	-2.8299	0.54876	-0.34678	-3.0209	4.8671	9.5616	-1.4089	7.5631	10.041	0.2002	9.6815	11.643	0.66459	-2.3544	-1.8346	0.035811	-0.92111	-0.071695	-0.064651	-0.66315	-0.6268	8.8315	2.2364	19.483	0.17275
R2_restored_DShore_concoct.7	8.8162	12.487	7.1507	6.2985	5.7205	4.7474	7.1025	7.2582	4.501	0.87415	0.63727	0.82954	0.43427	1.1514	0.59575	0.9173	0.40997	-0.99432	6.2065	8.0643	4.0248	6.9439	9.4719	3.4602	9.5511	11.995	4.9331	-0.88641	-0.98603	1.7766	-0.12898	-0.66252	0.72442	1.337	1.0427	11.717	3.2504	21.488	-0.093217
R2_restored_DShore_concoct.89	6.0118	7.7192	4.2013	10.653	13.159	2.1816	5.8729	13.348	2.143	5.1356	6.1034	1.9479	4.4049	4.9185	2.1697	5.8508	4.6449	0.2949	5.0546	8.8746	1.2554	8.3107	7.6189	1.3106	9.149	8.8097	2.8503	1.0878	2.5935	8.3964	2.6891	0.7034	6.6023	4.7322	-0.11838	7.1793	6.5083	17.916	2.4682
R2_restored_DShore_maxbin.037	2.8285	4.5565	-0.83437	3.6415	6.7612	-0.58436	2.4458	6.7283	-0.31265	-4.5537	-4.7805	-6.2633	-4.5633	-4.4464	-5.899	-4.2329	-4.3965	-6.1253	-1.3617	0.26428	-0.41797	-0.38979	3.6033	-1.4811	3.3914	4.9799	-2.1496	-2.9495	-1.7696	-2.6604	-3.9824	-5.5574	-1.0729	-3.5097	-2.0841	3.8214	-1.8848	18.077	4.0652
R2_restored_DShore_metabat.11	0.51668	5.5481	0.72646	4.6968	8.1254	2.4824	3.0029	12.36	4.5609	1.394	1.5358	1.4122	-0.61586	0.79724	0.58131	0.035798	0.25553	-0.04595	-2.7402	-0.46606	-1.3094	1.0057	2.108	-1.0641	2.4868	4.33	-1.344	-2.1681	-2.0948	2.8364	-1.1714	-1.9646	1.4691	-0.90201	-1.8561	3.2082	1.0382	17.929	6.1071
R2_restored_DShore_metabat.13	5.6745	16.598	1.7224	13.932	16.038	2.8698	12.004	17.831	2.1939	-2.6238	-1.387	-4.1625	-3.0338	-1.8255	-3.4743	-2.6683	-1.5696	-4.106	-0.85248	1.9175	1.085	0.3452	5.6171	-0.31462	3.5769	11.852	0.13606	-3.398	-3.1369	-0.67543	-0.95097	-3.8465	-0.18372	-1.5254	-1.4069	5.9389	3.6966	19.405	2.5842
R2_restored_DShore_metabat.15	1.1701	11.302	-0.15346	3.8332	6.9267	1.1496	5.5967	13.806	1.5578	-3.0218	-3.1207	-5.8177	-3.9237	-3.8083	-4.5828	-2.8262	-3.8592	-5.4212	-1.0128	0.26428	6.2919	-0.33806	1.9887	2.8863	0.85076	4.4128	-0.58713	-3.1991	-3.9996	1.6074	-2.2327	-4.5588	0.45621	-2.4434	-1.3019	8.0262	-0.72368	19.745	-3.6411
R2_restored_DShore_metabat.18	7.8795	10.831	5.4556	5.3205	4.9386	4.1131	6.6109	5.4806	3.7432	0.65754	0.73441	-0.52808	4.112	2.6112	0.052662	3.2158	2.6123	-1.0908	4.607	5.2892	1.7589	4.5706	6.2066	1.6553	7.0332	9.9223	3.4281	1.3102	2.331	0.035811	1.2566	-0.13414	0.15701	0.69807	-1.5309	4.9527	0.88385	17.879	2.2243
R2_restored_DShore_metabat.23	5.6978	9.3501	3.0254	5.6082	7.6846	1.6148	4.1721	11.929	1.4962	2.9662	3.7778	0.7636	2.3992	2.8097	0.44001	3.6541	2.568	-0.86933	3.7778	10.708	1.6948	13.052	12.787	2.6051	17.761	13.643	3.3081	-0.23387	0.9338	6.7514	1.0147	-0.34022	4.8788	2.6034	-0.17112	9.2129	4.8892	19.777	-0.39306
R2_restored_DShore_metabat.25	4.4779	10.308	4.3028	3.5619	4.7155	6.7687	3.5028	17.115	6.5181	-1.5761	-1.0192	0.95693	-0.69633	-0.53153	2.4639	-0.7092	-0.95649	-0.43922	7.2307	10.993	3.644	10.634	15.508	4.2162	16.513	15.555	3.8364	-1.6588	-1.2997	7.4566	-1.8597	-1.2754	6.2221	-0.29204	-1.5574	4.8799	-0.15233	16.786	1.824
R2_restored_DShore_metabat.27	0.55593	0.67083	0.80812	0.32846	1.1784	1.3069	0.16576	-0.34598	3.2774	-5.1169	-4.0017	-9.0922	-5.7695	-4.5232	-7.1724	-7.789	-5.189	-13.959	-3.7762	-2.8314	-2.8314	-3.0447	-2.0411	-2.0138	-1.5347	-1.1208	-2.2875	1.2493	3.4231	-3.3873	-4.5237	-5.1339	-5.3326	-6.3973	-0.60582	1.1972	-3.4891	16.61	-0.093217
R2_restored_DShore_metabat.8	5.4042	12.237	-0.76449	12.226	14.992	-0.41239	9.4331	17.193	-1.212	-0.67125	-0.0024888	-1.7154	-0.95311	0.62775	-2.1411	-1.3597	1.072	-2.161	-2.7081	3.8035	-1.169	-0.30003	-0.0025433	-2.0837	-0.2145	2.3891	-1.5442	-2.0538	-2.1377	2.3805	0.97951	-0.2051	-0.30921	-0.8964	-0.70621	6.2276	4.0083	19.729	3.5773
R2_restored_H2O_concoct.34	-0.89024	-2.7732	10.572	-3.9747	-5.4168	13.787	-3.3617	-4.1507	13.539	-6.4018	-6.0158	-2.4841	-6.979	-5.1122	-3.3142	-4.7696	-6.4597	-2.9025	-1.7118	-4.0948	12.631	-3.6759	-3.0139	11.971	-3.4461	-2.8208	9.8573	-2.3922	-4.1893	-1.7512	-7.0064	-3.0144	-3.2309	-7.149	-2.5734	-6.0307	-5.0354	-0.60882	22.337
R2_restored_H2O_concoct.44	-0.81904	-0.3063	8.4791	-2.4608	-2.9949	11.716	-1.8826	-2.5026	10.788	-5.9009	-4.2927	-3.0446	-4.7109	-3.7247	-3.5025	-5.1019	-1.0728	3.2108	2.5522	-0.38648	9.5667	-1.346	0.13284	7.7243	-0.22888	0.38121	5.6799	6.0616	3.0642	-2.6604	-1.6728	6.4624	-5.3326	-2.2181	8.8232	0.054674	1.4016	0.89607	27.894
R2_restored_H2O_maxbin.002	-0.14226	0.44864	6.383	-1.6432	-1.8906	9.7707	-0.56263	-1.3601	8.6352	-3.8939	-2.5811	0.97948	-1.6719	-0.7149	0.88896	-2.1731	1.6697	8.5198	4.9896	1.4245	7.5783	0.66166	1.6133	5.9463	0.28763	1.5335	4.0233	11.18	7.2081	4.8193	1.2752	10.935	3.3141	-0.29629	12.549	4.4098	1.2468	2.8209	34.462
R2_restored_H2O_maxbin.005	1.8506	0.022276	6.0095	-0.48138	-1.0034	8.5034	-0.2935	-1.8126	11.199	0.81488	2.0596	11.421	3.2579	3.8958	13.94	1.889	0.58575	9.5146	-0.14031	-0.54859	4.8238	-1.6347	0.36826	4.9807	-0.18601	0.056634	4.7146	5.2921	5.8206	12.887	1.4989	2.5118	11.478	5.0045	3.0394	9.0523	2.6053	5.5222	25.614
R2_restored_H2O_maxbin.017	0.16401	-0.44431	4.4047	-1.6774	-1.8082	7.0962	-1.1419	-1.9679	7.0044	1.8801	3.0087	6.8899	1.1962	2.8431	9.3754	3.2742	1.7471	5.0524	-0.014683	-0.83597	4.9136	-0.93674	-0.25974	3.4171	-0.65634	-0.62317	2.2199	3.5945	3.0267	8.9046	0.72518	3.4731	6.8441	2.1972	3.8817	5.5337	2.8504	2.5439	24.27
unbinned_reads	27.754	26.781	27.625	25.921	25.561	30.067	26.44	25.388	31.169	23.107	23.275	25.414	22.878	23.108	24.254	22.912	22.881	23.059	25.985	27.516	26.837	26.226	27.612	26.606	26.492	27.737	26.491	22.735	23.617	39.516	22.453	22.42	33.894	23.115	22.531	32.634	23.552	24.39	45.486
