EWsiteHyd_index	Sample	MG_name	Latitude	Longitude	Date.x	SPID	taxon_oid	GOLD_Analysis_Project_ID	GOLD_Sequencing_Project_ID	Index	Site	Location	Pl_Sp	EWcoastGroup	SALTgroup	LU	Depth	Date.y	Salinity.x	Core_Weight_oz	Temp	Conductivity	CO2_uM_m2_s	CH4_uM_m2_s	CO2_mg_m2_h	CH4_ug_m2_h	CH4_ppm_s	CO2_ppm_s	D1_Read_count	iTag_name.x	latitude	longitude	Part_DM	pH	Cl	SO4	OM_LOI	Corg_LOI	N	C	NO3_N	NH4_N	Olsen_P	P	Zn	Mn	Fe	Cu	EW.no	iTag_name.y	SampNO	PW_LABEL	Salinity.y	Cl_pw	SO4_pw	DOC_mg_L	NO2_pw	NO3_pw	NH3_pw	PO4_pw	Br_pw	F_pw	Na_pw	Mg_pw	Ca_pw	K_pw	Sr_pw	Fe_pw	Mn_pw	Al_pw	Si_pw	Co_pw	Cu_pw	Zn_pw
1	Sandmound_TuleA_D1	Sandmound_TuleA_D1	38.0035	-121.6258	9/5/13	1072583	3300014324	Ga0075352	Gp0116118	2	Sandmound	Sandmound	Tule	SF_Ref	FW	Ref	d1	9/5/17	0.593425419	12.2	22.5	1134	9.052733722	0.019929985	1.481019832	4.473064042	0.000489175	0.222196617	171852	s002_Sandmound_TuleA_D1	38.000706	-121.624306	23.7	6.16	13.89	51.7	25.16	14.59	1.068	14.9	0.12	33.42	15.4	0.104	NA	NA	NA	NA	2	s002_Sandmound_TuleA_D1	s002	W14	0.59	266.143	3.436	9.863	0.997	NA	2.034666667	NA	1.438	0.403	114758.69	25081.42	51564.87	NA	254.07	615.38	272.04	25.25	10496.08	0.43	3.21	NA
2	Sandmound_TuleA_D2	Sandmound_TuleA_D2	37.550705	-122.214362	9/5/13	1048100	3300005204	Ga0068997	Gp0101388	85	Sandmound	Sandmound	Tule	SF_Ref	FW	Ref	d2	9/5/17	0.593425419	12.2	22.5	1134	9.052733722	0.019929985	1.481019832	4.473064042	0.000489175	0.222196617	171852	s085_Sandmound_TuleA_D2	38.000706	-121.624306	24.5	5.91	10.72	84.6	27.4	15.89	0.965	14.98	0.63	48.13	14.2	0.09	90	783	26590	65	85	s085_Sandmound_TuleA_D2	s085	W14	0.59	266.143	3.436	9.863	0.997	NA	2.034666667	NA	1.438	0.403	114758.69	25081.42	51564.87	NA	254.07	615.38	272.04	25.25	10496.08	0.43	3.21	NA
3	Sandmound_TuleB_D1	Sandmound_TuleB_D1	38.0035	-121.6258	9/5/13	1072584	3300014321	Ga0075353	Gp0116119	3	Sandmound	Sandmound	Tule	SF_Ref	FW	Ref	d1	9/5/17	0.602620915	11.4	22.3	1146	25.50960899	-0.001260655	4.173351163	-0.282940133	-3.09E-05	0.626125654	1298	s003_Sandmound_TuleB_D1	38.000706	-121.624306	23.7	6.27	14.12	39.8	25.56	14.83	1.088	15.15	0.7	28.59	17.8	0.11	NA	NA	NA	NA	3	s003_Sandmound_TuleB_D1	s003	W15	0.57	217.5955	0.8755	11.77	0.9795	NA	2.175333333	1.542	1.4965	0.4275	96669.1	26016.8	59069.71	NA	258.94	624.42	1175.01	20.63	12043.69	0.39	1.35	NA
4	Sandmound_TuleB_D2	Sandmound_TuleB_D2	37.550705	-122.214362	9/5/13	1048103	3300005213	Ga0068998	Gp0101389	86	Sandmound	Sandmound	Tule	SF_Ref	FW	Ref	d2	9/5/17	0.602620915	11.4	22.3	1146	25.50960899	-0.001260655	4.173351163	-0.282940133	-3.09E-05	0.626125654	1298	s086_Sandmound_TuleB_D2	38.000706	-121.624306	24.7	5.85	13.3	40.7	25.65	14.88	0.923	13.59	0.8	35.32	13.9	0.09	94	587	28700	65	86	s086_Sandmound_TuleB_D2	s086	W15	0.57	217.5955	0.8755	11.77	0.9795	NA	2.175333333	1.542	1.4965	0.4275	96669.1	26016.8	59069.71	NA	258.94	624.42	1175.01	20.63	12043.69	0.39	1.35	NA
5	Sandmound_TuleC_D1	Sandmound_TuleC_D1	38.0035	-121.6258	9/5/13	1072585	3300014308	Ga0075354	Gp0116120	4	Sandmound	Sandmound	Tule	SF_Ref	FW	Ref	d1	9/5/17	0.566468299	11.8	22	1073	10.78528512	0.004125327	1.764463823	0.925883825	0.000101255	0.264721569	115006	s004_Sandmound_Tule_C_D1	38.000706	-121.624306	22.2	6.26	13.08	39.7	27.41	15.9	1.103	16.45	0.42	30	14.1	0.114	NA	NA	NA	NA	4	s004_Sandmound_Tule_C_D1	s004	W16	0.6	553.602	17.314	17.8	0.796	NA	5.1186	2.006	2.016	0.146	238099.57	51492.04	77352.15	371.64	508.07	3796.41	3033.7	21.33	11216.38	2.07	4.77	NA
6	Sandmound_TuleC_D2	Sandmound_TuleC_D2	37.550705	-122.214362	9/5/13	1048106	3300005205	Ga0068999	Gp0101390	87	Sandmound	Sandmound	Tule	SF_Ref	FW	Ref	d2	9/5/17	0.566468299	11.8	22	1073	10.78528512	0.004125327	1.764463823	0.925883825	0.000101255	0.264721569	115006	s087_Sandmound_Tule_C_D2	38.000706	-121.624306	24.9	5.69	13.71	65.1	24.35	14.12	0.941	13.27	NA	21.19	10.9	0.085	95	639	29390	67	NA	s087_Sandmound_Tule_C_D2	s087	W16	0.6	553.602	17.314	17.8	0.796	NA	5.1186	2.006	2.016	0.146	238099.57	51492.04	77352.15	371.64	508.07	3796.41	3033.7	21.33	11216.38	2.07	4.77	NA
7	Sandmound_CattailA_D1	NA	NA	NA	NA	NA	NA	NA	NA	1	Sandmound	Sandmound	Cattail	SF_Ref	FW	Ref	d1	9/5/17	0.584762462	12	22	1100	16.57037185	-0.001135456	2.710899281	-0.254840416	-2.79E-05	0.406714777	165123	s001_Sandmound_CattailA_D1	38.000706	-121.624306	19.5	6.24	12.54	108.5	27.97	16.22	1.155	16.76	0.67	44.82	11.3	0.096	NA	NA	NA	NA	1	s001_Sandmound_CattailA_D1	s001	W10	0.58	204.5395	0.7205	16.21	NA	NA	10.5967	10.3675	1.3155	0.221	105517.92	27486.62	47456.79	2592.95	241.82	424.33	577.28	18.74	14048.85	0.19	1.74	NA
8	Sandmound_CattailA_D2	NA	NA	NA	NA	NA	NA	NA	NA	84	Sandmound	Sandmound	Cattail	SF_Ref	FW	Ref	d2	9/5/17	0.584762462	12	22	1100	16.57037185	-0.001135456	2.710899281	-0.254840416	-2.79E-05	0.406714777	165123	s084_Sandmound_CattailA_D2	38.000706	-121.624306	19.7	5.64	11.46	50.3	38.23	22.17	1.19	20.65	0.22	33.55	9.7	0.083	87	367	21840	78	84	s084_Sandmound_CattailA_D2	s084	W10	0.58	204.5395	0.7205	16.21	NA	NA	10.5967	10.3675	1.3155	0.221	105517.92	27486.62	47456.79	2592.95	241.82	424.33	577.28	18.74	14048.85	0.19	1.74	NA
9	Sandmound_ThreeSqA_D1	NA	NA	NA	NA	NA	NA	NA	NA	5	Sandmound	Sandmound	ThreeSq	SF_Ref	FW	Ref	d1	9/5/17	0.661564933	11.4	22.4	1256	24.1658074	0.003174626	3.953506323	0.712509492	7.79E-05	0.59314245	136497	s005_Sandmound_ThreeSqA_D1	38.000637	-121.624207	21.5	6.35	13.62	75.7	27.69	16.06	1.099	17.01	0.6	73.76	17.2	0.096	NA	NA	NA	NA	5	s005_Sandmound_ThreeSqA_D1	s005	W11	0.66	316.694	10.555	10.19	1.014	0.051	2.843	0.752	1.5215	0.399	144427.16	25688.29	49568.66	NA	228.64	320.11	124.17	21.39	8136.54	0.24	3.16	NA
9	Sandmound_ThreeSqA_D2	Sandmound_ThreeSqA_D2	37.770749	-122.378031	9/5/13	1048091	3300004062	Ga0055500	Gp0101385	88	Sandmound	Sandmound	ThreeSq	SF_Ref	FW	Ref	d2	9/5/17	0.661564933	11.4	22.4	1256	24.1658074	0.003174626	3.953506323	0.712509492	7.79E-05	0.59314245	136497	s088_Sandmound_ThreeSqA_D2	38.000637	-121.624207	24	6.15	15.32	68.9	29.07	16.86	1.016	17.79	0.52	85.49	7.2	0.089	97	630	26270	75	88	s088_Sandmound_ThreeSqA_D2	s088	W11	0.66	316.694	10.555	10.19	1.014	0.051	2.843	0.752	1.5215	0.399	144427.16	25688.29	49568.66	NA	228.64	320.11	124.17	21.39	8136.54	0.24	3.16	NA
10	Sandmound_ThreeSqB_D1	Sandmound_ThreeSqB_D1	37.770749	-122.378031	9/5/13	1048085	3300004058	Ga0055498	Gp0101383	6	Sandmound	Sandmound	ThreeSq	SF_Ref	FW	Ref	d1	9/5/17	0.584762462	11.8	22.2	1111	16.16384373	0.002948362	2.644391613	0.661727234	7.24E-05	0.396736667	154948	s006_Sandmound_ThreeSqB_D1	38.000637	-121.624207	22.2	6.25	16.2	82.1	26.68	15.47	1.069	15.41	0.36	42.9	12.7	0.096	NA	NA	NA	NA	6	s006_Sandmound_ThreeSqB_D1	s006	W12	0.58	218.6595	2.356	11.7	0.9705	NA	4.598	NA	1.289	0.407	103955.03	21267.82	48449.61	NA	211.07	2565.08	576.19	22.06	10336.97	0.6	1.42	NA
11	Sandmound_ThreeSqB_D2	Sandmound_ThreeSqB_D2	37.550705	-122.214362	9/5/13	1048094	3300005206	Ga0068995	Gp0101386	89	Sandmound	Sandmound	ThreeSq	SF_Ref	FW	Ref	d2	9/5/17	0.584762462	11.8	22.2	1111	16.16384373	0.002948362	2.644391613	0.661727234	7.24E-05	0.396736667	154948	s089_Sandmound_ThreeSqB_D2	38.000637	-121.624207	23	5.94	18.52	58.8	28.18	16.35	1.021	16.23	0.68	29.48	8.6	0.095	88	581	25290	68	89	s089_Sandmound_ThreeSqB_D2	s089	W12	0.58	218.6595	2.356	11.7	0.9705	NA	4.598	NA	1.289	0.407	103955.03	21267.82	48449.61	NA	211.07	2565.08	576.19	22.06	10336.97	0.6	1.42	NA
12	Sandmound_ThreeSqC_D1	Sandmound_ThreeSqC_D1	37.770749	-122.378031	9/5/13	1048088	3300004047	Ga0055499	Gp0101384	7	Sandmound	Sandmound	ThreeSq	SF_Ref	FW	Ref	d1	9/5/17	0.631436206	11.2	22.2	1196	30.73797003	-0.001520827	5.028706753	-0.341332784	-3.73E-05	0.754454198	180819	s007_Sandmound_ThreeSqC_D1	38.000637	-121.624207	21.5	6.44	13.76	56.3	28.44	16.49	1.079	16.62	0.33	49.32	16.3	0.092	NA	NA	NA	NA	7	s007_Sandmound_ThreeSqC_D1	s007	W13	0.63	418.5935	15.828	11.45	NA	0.0845	NA	NA	1.795	0.417	181577.27	33854.91	56285.76	NA	331.13	271.27	385.36	18.27	10055.29	1.23	3.45	NA
13	Sandmound_ThreeSqC_D2	Sandmound_ThreeSqC_D2	37.550705	-122.214362	9/5/13	1048097	3300005218	Ga0068996	Gp0101387	90	Sandmound	Sandmound	ThreeSq	SF_Ref	FW	Ref	d2	9/5/17	0.631436206	11.2	22.2	1196	30.73797003	-0.001520827	5.028706753	-0.341332784	-3.73E-05	0.754454198	180819	s090_Sandmound_ThreeSqC_D2	38.000706	-121.624306	24.6	6.11	13.12	54.8	29.23	16.96	1.02	15.95	0.68	47.43	12.4	0.098	86	1164	25180	64	90	s090_Sandmound_ThreeSqC_D2	s090	W13	0.63	418.5935	15.828	11.45	NA	0.0845	NA	NA	1.795	0.417	181577.27	33854.91	56285.76	NA	331.13	271.27	385.36	18.27	10055.29	1.23	3.45	NA
14	WestPond_TuleA_D1	WestPond_TuleA_D1	38.1073	-121.6485	10/14/13	1072589	3300014303	Ga0075358	Gp0116124	8	WestPond	WestPond	Tule	SF_Rest	FW	West	d1	10/15/17	0.358055401	8.2	14	575	148.874059	1.257483677	24.35567428	282.2282567	0.030864557	3.654068852	138427	s008_WestPond_TuleA_D1	38.107059	-121.647591	7.5	6.3	3.25	32.2	85.39	49.53	1.693	43.4	2.72	225.21	14.5	0.09	NA	NA	NA	NA	8	s008_WestPond_TuleA_D1	s008	W83	0.36	160.541	7.9715	10.65	0.982	0.594	NA	NA	1.0485	0.427	67222.29	20835.52	45960.11	1141.02	206.84	80.48	0.9	26.53	10654.28	0.15	0.89	NA
15	WestPond_TuleA_D2	WestPond_TuleA_D2	37.550705	-122.214362	10/14/13	1048127	3300004072	Ga0055512	Gp0101397	91	WestPond	WestPond	Tule	SF_Rest	FW	West	d2	10/15/17	0.358055401	8.2	14	575	148.874059	1.257483677	24.35567428	282.2282567	0.030864557	3.654068852	138427	s091_WestPond_TuleA_D2	38.107059	-121.647591	9.8	5.78	9.41	42.6	65.73	38.12	1.533	34.88	2.14	67.11	8.5	0.119	48	136	13180	40	91	s091_WestPond_TuleA_D2	s091	W83	0.36	160.541	7.9715	10.65	0.982	0.594	NA	NA	1.0485	0.427	67222.29	20835.52	45960.11	1141.02	206.84	80.48	0.9	26.53	10654.28	0.15	0.89	NA
16	WestPond_TuleB_D1	WestPond_TuleB_D1	38.1073	-121.6485	10/14/13	1072590	3300014266	Ga0075359	Gp0116125	9	WestPond	WestPond	Tule	SF_Rest	FW	West	d1	10/15/17	0.380244176	7.8	13.7	605	59.76685661	0.141310035	9.77780885	31.71546917	0.003468412	1.466959459	136744	s009_WestPond_TuleB_D1	38.107059	-121.647591	8.8	6.3	5.36	46.6	73.64	42.71	2.059	38.44	4.97	115.64	6.9	0.113	NA	NA	NA	NA	9	s009_WestPond_TuleB_D1	s009	W84	0.38	115.5075	12.154	10.24	1.12	0.079	0.984	NA	0.942	0.4505	57146	15183.38	37792.07	5081.79	141.74	49.43	50.3	22.9	12007.63	0.21	0.5	NA
17	WestPond_TuleB_D2	WestPond_TuleB_D2	37.550705	-122.214362	10/14/13	1048130	3300004078	Ga0055513	Gp0101398	92	WestPond	WestPond	Tule	SF_Rest	FW	West	d2	10/15/17	0.380244176	7.8	13.7	605	59.76685661	0.141310035	9.77780885	31.71546917	0.003468412	1.466959459	136744	s092_WestPond_TuleB_D2	38.107059	-121.647591	11.5	5.8	7.56	63.3	60.06	34.84	1.592	32.85	2.9	75.99	5.7	0.107	46	139	15880	38	92	s092_WestPond_TuleB_D2	s092	W84	0.38	115.5075	12.154	10.24	1.12	0.079	0.984	NA	0.942	0.4505	57146	15183.38	37792.07	5081.79	141.74	49.43	50.3	22.9	12007.63	0.21	0.5	NA
18	WestPond_TuleC_D1	WestPond_TuleC_D1	38.1073	-121.6485	10/14/13	1072591	3300014261	Ga0075360	Gp0116126	10	WestPond	WestPond	Tule	SF_Rest	FW	West	d1	10/15/17	0.374460255	9.4	13.9	599	28.30481404	0.004572012	4.630644423	1.026137308	0.000112219	0.694733119	159529	s010_WestPond_TuleC_D1	38.107059	-121.647591	8.6	6.34	5.55	42.9	78.16	45.33	2.159	40.59	1.94	130.39	9.8	0.12	NA	NA	NA	NA	10	s010_WestPond_TuleC_D1	s010	W85	0.37	187.8235	28.0435	15.72	0.9945	4.4145	NA	0.844	1.0555	0.4675	87546.9	20383.92	40939.41	4173.92	173.97	47.02	0.66	35.34	10294.88	0.37	20.36	15.68
19	WestPond_TuleC_D2	WestPond_TuleC_D2	37.550705	-122.214362	10/14/13	1048133	3300004079	Ga0055514	Gp0101399	93	WestPond	WestPond	Tule	SF_Rest	FW	West	d2	10/15/17	0.374460255	9.4	13.9	599	28.30481404	0.004572012	4.630644423	1.026137308	0.000112219	0.694733119	159529	s093_WestPond_TuleC_D2	38.107059	-121.647591	7.5	5.97	9.37	59.3	77.36	44.87	1.719	40.03	2.88	101.27	9.4	0.112	38	85	9930	33	93	s093_WestPond_TuleC_D2	s093	W85	0.37	187.8235	28.0435	15.72	0.9945	4.4145	NA	0.844	1.0555	0.4675	87546.9	20383.92	40939.41	4173.92	173.97	47.02	0.66	35.34	10294.88	0.37	20.36	15.68
20	WestPond_CattailA_D1	WestPond_CattailA_D1	38.1073	-121.6485	10/14/13	1072586	3300014322	Ga0075355	Gp0116121	11	WestPond	WestPond	Cattail	SF_Rest	FW	West	d1	10/15/17	0.417574716	9	14.8	680	90.51809777	0.601606192	14.80868675	135.0238335	0.014766242	2.221739394	147512	s011_WestPond_CattailA_D1	38.107075	-121.647614	8.5	6.39	6.85	55.3	71.54	41.49	2.048	37.63	1.97	126.86	18.2	0.173	NA	NA	NA	NA	11	s011_WestPond_CattailA_D1	s011	W80	0.42	3448.372	346.17	32.15	0.366	NA	0.028	NA	10.79	0.25	1855692.54	225966.52	85518.77	49657.4	1817.5	70.28	104.2	23.79	13676.11	1.9	32.81	29.95
21	WestPond_CattailA_D2	WestPond_CattailA_D2	37.550705	-122.214362	10/14/13	1048118	3300005208	Ga0069003	Gp0101394	94	WestPond	WestPond	Cattail	SF_Rest	FW	West	d2	10/15/17	0.417574716	9	14.8	680	90.51809777	0.601606192	14.80868675	135.0238335	0.014766242	2.221739394	147512	s094_WestPond_CattailA_D2	38.107075	-121.647614	10.7	5.78	10.09	57.9	60.14	34.88	1.58	33.22	2.07	158.34	6.8	0.1	67	139	17180	47	94	s094_WestPond_CattailA_D2	s094	W80	0.42	3448.372	346.17	32.15	0.366	NA	0.028	NA	10.79	0.25	1855692.54	225966.52	85518.77	49657.4	1817.5	70.28	104.2	23.79	13676.11	1.9	32.81	29.95
22	WestPond_CattailB_D1	WestPond_CattailB_D1	38.1073	-121.6485	10/14/13	1072587	3300014323	Ga0075356	Gp0116122	12	WestPond	WestPond	Cattail	SF_Rest	FW	West	d1	10/15/17	0.423137002	8.6	13.9	674	110.4175557	0.1191333	18.0642218	26.73814724	0.002924091	2.710165584	159642	s012_WestPond_CattailB_D1	38.107075	-121.647614	7.8	6.33	6.9	57.6	75.56	43.82	2.002	40.89	2.71	235.67	10.1	0.117	NA	NA	NA	NA	12	s012_WestPond_CattailB_D1	s012	W81	0.42	242.1595	24.5155	9.884	0.958	NA	NA	NA	1.2905	0.4325	106264.99	26250.82	51091.96	1909.2	259.96	51.92	27.53	23.29	11719.34	0.17	2.69	68.56
23	WestPond_CattailB_D2	WestPond_CattailB_D2	37.550705	-122.214362	10/14/13	1048121	3300005219	Ga0069004	Gp0101395	95	WestPond	WestPond	Cattail	SF_Rest	FW	West	d2	10/15/17	0.423137002	8.6	13.9	674	110.4175557	0.1191333	18.0642218	26.73814724	0.002924091	2.710165584	159642	s095_WestPond_CattailB_D2	38.107075	-121.647614	7.1	5.93	10.23	59.3	75.39	43.73	1.731	39.36	NA	79.34	4.4	0.108	42	99	13270	54	95	s095_WestPond_CattailB_D2	s095	W81	0.42	242.1595	24.5155	9.884	0.958	NA	NA	NA	1.2905	0.4325	106264.99	26250.82	51091.96	1909.2	259.96	51.92	27.53	23.29	11719.34	0.17	2.69	68.56
24	WestPond_CattailC_D1	NA	NA	NA	NA	NA	NA	NA	NA	13	WestPond	WestPond	Cattail	SF_Rest	FW	West	d1	10/15/17	0.36659283	9.8	13.7	584	108.8698978	0.457385698	17.81102623	102.6551443	0.011226394	2.672178788	142496	s013_WestPond_CattailC_D1	38.107075	-121.647614	7.7	6.34	6.85	58.1	73.4	42.57	2.044	40.25	2.86	163.21	14.2	0.119	NA	NA	NA	NA	13	s013_WestPond_CattailC_D1	s013	W82	0.37	199.869	10.39	10.44	0.9945	0.161	NA	NA	1.1535	0.428	85814.93	25103.66	56222.15	17074.79	255.36	53.7	0.74	23.04	11331.48	0.16	2.16	0.95
25	WestPond_CattailC_D2	WestPond_CattailC_D2	37.770749	-122.214362	10/14/13	1048124	3300005217	Ga0069005	Gp0101396	96	WestPond	WestPond	Cattail	SF_Rest	FW	West	d2	10/15/17	0.36659283	9.8	13.7	584	108.8698978	0.457385698	17.81102623	102.6551443	0.011226394	2.672178788	142496	s096_WestPond_CattailC_D2	38.107075	-121.647614	13.2	5.62	12.98	62.8	50.49	29.28	1.421	28.94	0.73	98.05	11.6	0.095	60	158	17860	50	96	s096_WestPond_CattailC_D2	s096	W82	0.37	199.869	10.39	10.44	0.9945	0.161	NA	NA	1.1535	0.428	85814.93	25103.66	56222.15	17074.79	255.36	53.7	0.74	23.04	11331.48	0.16	2.16	0.95
26	MayberryNE_TuleA_D1	MayberryNE_TuleA_D1	38.0524	-121.7687	8/30/13	1072546	3300014258	Ga0075315	Gp0116081	14	MayberryNE	Mayberry	Tule	SF_Rest	Oligo	Pond	d1	8/30/17	3.325753237	10	22	5751	20.53030384	0.145389415	3.358740915	32.63104086	0.003568539	0.503910112	154672	s014_MayberryNE_TuleA_D1	38.052509	-121.76873	7	6.64	46.55	462.3	57.51	33.36	1.877	33.36	7.45	191.78	2.4	0.112	NA	NA	NA	NA	14	s014_MayberryNE_TuleA_D1	s014	W1	3.33	1276.85	15.034	78.92	1.166	NA	0.918333333	2.98	5.332	0.69	759634.08	106436.13	107005.82	22336.15	1075.49	342.81	216.4	55.07	3274.7	1.17	20.8	1.24
27	MayberryNE_TuleA_D2	MayberryNE_TuleA_D2	38.0524	-121.7687	8/30/13	1072547	3300014314	Ga0075316	Gp0116082	97	MayberryNE	Mayberry	Tule	SF_Rest	Oligo	Pond	d2	8/30/17	3.325753237	10	22	5751	20.53030384	0.145389415	3.358740915	32.63104086	0.003568539	0.503910112	154672	s097_MayberryNE_TuleA_D2	38.052509	-121.76873	9.1	6.89	120.7	1049.9	65.16	37.79	1.892	32.22	2.31	114.8	2.6	0.112	37	207	36000	22	97	s097_MayberryNE_TuleA_D2	s097	W1	3.33	1276.85	15.034	78.92	1.166	NA	0.918333333	2.98	5.332	0.69	759634.08	106436.13	107005.82	22336.15	1075.49	342.81	216.4	55.07	3274.7	1.17	20.8	1.24
28	MayberryNE_TuleB_D1	MayberryNE_TuleB_D1	38.0524	-121.7687	8/30/13	1072548	3300014309	Ga0075317	Gp0116083	15	MayberryNE	Mayberry	Tule	SF_Rest	Oligo	Pond	d1	8/30/17	3.436740106	9.8	21.9	5918	12.56376263	0.192548287	2.055421289	43.21532629	0.00472604	0.308373762	168217	s015_MayberryNE_TuleB_D1	38.052509	-121.76873	10.4	6.61	60.82	646.2	56.95	33.03	2.284	34.02	5.69	149.55	2.8	0.107	NA	NA	NA	NA	15	s015_MayberryNE_TuleB_D1	s015	W2	3.44	1992.234	26.068	109.2	2.158	NA	0.193666667	2.026	8.246	0.8	996395.73	165305.97	143863.58	34178.03	1660.67	151.26	1.09	52.9	5318.4	0.8	21.68	4.43
29	MayberryNE_TuleB_D2	MayberryNE_TuleB_D2	38.0524	-121.7687	8/30/13	1072549	3300014256	Ga0075318	Gp0116084	98	MayberryNE	Mayberry	Tule	SF_Rest	Oligo	Pond	d2	8/30/17	3.436740106	9.8	21.9	5918	12.56376263	0.192548287	2.055421289	43.21532629	0.00472604	0.308373762	168217	s098_MayberryNE_TuleB_D2	38.052509	-121.76873	10.7	6.96	101.56	835.8	62.6	36.31	2.059	32.92	1.45	243.07	9.5	0.132	33	244	25660	21	98	s098_MayberryNE_TuleB_D2	s098	W2	3.44	1992.234	26.068	109.2	2.158	NA	0.193666667	2.026	8.246	0.8	996395.73	165305.97	143863.58	34178.03	1660.67	151.26	1.09	52.9	5318.4	0.8	21.68	4.43
30	MayberryNE_TuleC_D1	MayberryNE_TuleC_D1	38.0524	-121.7687	8/30/13	1072550	3300014257	Ga0075319	Gp0116085	16	MayberryNE	Mayberry	Tule	SF_Rest	Oligo	Pond	d1	8/30/17	3.431605924	10	22.3	5960	24.41456382	0.996253201	3.99420267	223.5979753	0.024452734	0.599248101	142672	s016_MayberryNE_TuleC_D1	38.052509	-121.76873	11	6.83	57.2	510.3	53.76	31.18	1.884	30.34	5.87	165.2	2.4	0.107	NA	NA	NA	NA	16	s016_MayberryNE_TuleC_D1	s016	W3	3.43	2169.22	48.862	115	0.226	NA	0.752666667	1.24	8.982	0.834	1083096.2	172987.87	110855.9	31768.44	1401.02	91.02	0.65	26.32	7443.59	1.94	23.8	2.27
31	MayberryNE_TuleC_D2	MayberryNE_TuleC_D2	38.0524	-121.7687	8/30/13	1072551	3300014255	Ga0075320	Gp0116086	99	MayberryNE	Mayberry	Tule	SF_Rest	Oligo	Pond	d2	8/30/17	3.431605924	10	22.3	5960	24.41456382	0.996253201	3.99420267	223.5979753	0.024452734	0.599248101	142672	s099_MayberryNE_TuleC_D2	38.052509	-121.76873	11.3	7.14	95.24	708.3	57.29	33.23	1.748	31.08	2.5	197.42	2.8	0.118	36	277	35320	21	99	s099_MayberryNE_TuleC_D2	s099	W3	3.43	2169.22	48.862	115	0.226	NA	0.752666667	1.24	8.982	0.834	1083096.2	172987.87	110855.9	31768.44	1401.02	91.02	0.65	26.32	7443.59	1.94	23.8	2.27
32	MayberryNE_CattailA_D1	MayberryNE_CattailA_D1	38.0524	-121.7687	8/31/13	1072540	3300014268	Ga0075309	Gp0116075	17	MayberryNE	Mayberry	Cattail	SF_Rest	Oligo	Pond	d1	8/31/17	3.1	14.2	22.1	5430	12.23676997	0.118422812	2.001925557	26.5786859	0.002906652	0.300347826	183443	s017_MayberryNE_CattailA_D1	38.052479	-121.7687	48.7	7.35	61.54	208.1	17.82	10.34	0.888	13.91	0.13	9.84	13.9	0.073	NA	NA	NA	NA	17	s017_MayberryNE_CattailA_D1	s017	W4	3.12	1003.358	15.41	88.69	0.998	NA	2.4	1.666	4.148	0.812	514338.59	92674.94	125406.03	14340.51	1136.76	712.9	136.56	27.99	10297.04	0.78	14.99	0.27
33	MayberryNE_CattailA_D2	MayberryNE_CattailA_D2	38.0524	-121.7687	8/31/13	1072541	3300014302	Ga0075310	Gp0116076	100	MayberryNE	Mayberry	Cattail	SF_Rest	Oligo	Pond	d2	8/31/17	3.1	14.2	22.1	5430	12.23676997	0.118422812	2.001925557	26.5786859	0.002906652	0.300347826	183443	s100_MayberryNE_CattailA_D2	38.052479	-121.7687	52.9	7.27	57.33	54.7	22.33	12.95	0.928	13.98	0.19	9.92	13.1	0.08	59	565	29540	41	100	s100_MayberryNE_CattailA_D2	s100	W4	3.12	1003.358	15.41	88.69	0.998	NA	2.4	1.666	4.148	0.812	514338.59	92674.94	125406.03	14340.51	1136.76	712.9	136.56	27.99	10297.04	0.78	14.99	0.27
34	MayberryNE_CattailB_D1	MayberryNE_CattailB_D1	38.0524	-121.7687	8/31/13	1072542	3300014259	Ga0075311	Gp0116077	18	MayberryNE	Mayberry	Cattail	SF_Rest	Oligo	Pond	d1	8/31/17	3.3	13.6	22.5	5807	10.4721964	0.075898881	1.713242764	17.03466156	0.001862915	0.2570369	147548	s018_MayberryNE_CattailB_D1	38.052479	-121.7687	45.9	7.21	63.16	202.2	20.48	11.88	0.987	14.53	0.56	14.3	4.7	0.07	NA	NA	NA	NA	18	s018_MayberryNE_CattailB_D1	s018	W5	3.32	966.432	22.95	72.63	1.62	NA	1.712333333	1.334	4.162	0.7	490642.11	85864.31	124111.32	13106.42	1102.4	107.3	12.35	18.24	9100.31	0.85	12.38	NA
35	MayberryNE_CattailB_D2	MayberryNE_CattailB_D2	38.0524	-121.7687	8/31/13	1072543	3300014254	Ga0075312	Gp0116078	101	MayberryNE	Mayberry	Cattail	SF_Rest	Oligo	Pond	d2	8/31/17	3.3	13.6	22.5	5807	10.4721964	0.075898881	1.713242764	17.03466156	0.001862915	0.2570369	147548	s101_MayberryNE_CattailB_D2	38.052479	-121.7687	51.3	7.29	62.39	53.4	21.53	12.49	0.858	13.36	NA	13.41	12.8	0.077	61	533	30210	41	101	s101_MayberryNE_CattailB_D2	s101	W5	3.32	966.432	22.95	72.63	1.62	NA	1.712333333	1.334	4.162	0.7	490642.11	85864.31	124111.32	13106.42	1102.4	107.3	12.35	18.24	9100.31	0.85	12.38	NA
36	MayberryNE_CattailC_D1	MayberryNE_CattailC_D1	38.0524	-121.7687	8/31/13	1072544	3300014267	Ga0075313	Gp0116079	19	MayberryNE	Mayberry	Cattail	SF_Rest	Oligo	Pond	d1	8/31/17	3.3	13.8	22.1	5756	6.448730832	0.025534859	1.055007089	5.731015721	0.000626745	0.158282152	133592	s019_MayberryNE_CattailC_D1	38.052479	-121.7687	44	7.22	67.5	174.3	19.81	11.49	0.938	13.56	0.35	12.49	3.6	0.072	NA	NA	NA	NA	19	s019_MayberryNE_CattailC_D1	s019	W6	3.32	1701.18	34.642	93.27	1.368	NA	1.372	1.444	7.36	0.706	854405.27	141977.4	111678.4	27640.86	1264.88	195.68	55.72	21.05	8420.45	0.83	16.78	0.96
37	MayberryNE_CattailC_D2	MayberryNE_CattailC_D2	38.0524	-121.7687	8/31/13	1072545	3300014265	Ga0075314	Gp0116080	102	MayberryNE	Mayberry	Cattail	SF_Rest	Oligo	Pond	d2	8/31/17	3.3	13.8	22.1	5756	6.448730832	0.025534859	1.055007089	5.731015721	0.000626745	0.158282152	133592	s102_MayberryNE_CattailC_D2	38.052479	-121.7687	49.6	6.81	64.55	64.4	23.62	13.7	0.933	13.82	0.2	10.9	15	0.086	62	449	29560	42	102	s102_MayberryNE_CattailC_D2	s102	W6	3.32	1701.18	34.642	93.27	1.368	NA	1.372	1.444	7.36	0.706	854405.27	141977.4	111678.4	27640.86	1264.88	195.68	55.72	21.05	8420.45	0.83	16.78	0.96
38	MayberrySE_TuleA_D1	MayberrySE_TuleA_D1	38.0499	-121.7653	9/6/13	1072562	3300014310	Ga0075331	Gp0116097	20	MayberrySE	Mayberry	Tule	SF_Rest	Oligo	Pond	d1	9/6/17	1.415937623	13.2	21.8	2561	73.22543537	5.663839784	11.97962133	1271.185986	0.139017238	1.797296214	168632	s020_MayberrySE_TuleA_D1	38.049923	-121.765244	43.8	7.23	43.32	223.3	21.87	12.69	0.983	14.74	NA	10.82	5.8	0.078	NA	NA	NA	NA	20	s020_MayberrySE_TuleA_D1	s020	W17	1.42	1182.756	36.954	49.05	1.636	NA	1.036333333	1.206	4.776	0.328	567078.07	106259.77	163942.64	NA	1556.4	192.86	815.47	24.63	10326.12	1.52	14.38	1.67
39	MayberrySE_TuleA_D2	NA	NA	NA	NA	NA	NA	NA	NA	103	MayberrySE	Mayberry	Tule	SF_Rest	Oligo	Pond	d2	9/6/17	1.415937623	13.2	21.8	2561	73.22543537	5.663839784	11.97962133	1271.185986	0.139017238	1.797296214	168632	s103_MayberrySE_TuleA_D2	38.049923	-121.765244	50.1	7.37	43.25	53.3	21.58	12.51	0.902	13.36	0.47	41.69	14.5	0.077	65	395	30230	48	103	s103_MayberrySE_TuleA_D2	s103	W17	1.42	1182.756	36.954	49.05	1.636	NA	1.036333333	1.206	4.776	0.328	567078.07	106259.77	163942.64	NA	1556.4	192.86	815.47	24.63	10326.12	1.52	14.38	1.67
40	MayberrySE_TuleB_D1	NA	NA	NA	NA	NA	NA	NA	NA	21	MayberrySE	Mayberry	Tule	SF_Rest	Oligo	Pond	d1	9/6/17	2.578450297	14.2	21.5	4481	32.88723379	0.965965239	5.380324547	216.8001784	0.023709325	0.807207229	123334	s021_MayberrySE_TuleB_D1	38.049923	-121.765244	53.4	7.25	63.52	233.5	19.98	11.59	0.969	15	0.26	21.69	10	0.074	NA	NA	NA	NA	21	s021_MayberrySE_TuleB_D1	s021	W18	2.58	916.606	20.146	39.31	0.982	NA	5.448666667	4.246	3.412	0.296	426299.48	74038.52	98718.77	4972.93	713.66	168.38	420.38	25.12	11622.92	0.61	6.2	NA
41	MayberrySE_TuleB_D2	NA	NA	NA	NA	NA	NA	NA	NA	104	MayberrySE	Mayberry	Tule	SF_Rest	Oligo	Pond	d2	9/6/17	2.578450297	14.2	21.5	4481	32.88723379	0.965965239	5.380324547	216.8001784	0.023709325	0.807207229	123334	s104_MayberrySE_TuleB_D2	38.049923	-121.765244	58.5	7.61	45.6	49.3	20.41	11.84	0.826	12.47	0.3	27.2	22	0.075	61	490	28780	54	104	s104_MayberrySE_TuleB_D2	s104	W18	2.58	916.606	20.146	39.31	0.982	NA	5.448666667	4.246	3.412	0.296	426299.48	74038.52	98718.77	4972.93	713.66	168.38	420.38	25.12	11622.92	0.61	6.2	NA
42	MayberrySE_TuleC_D1	NA	NA	NA	NA	NA	NA	NA	NA	22	MayberrySE	Mayberry	Tule	SF_Rest	Oligo	Pond	d1	9/6/17	2.473956295	12.8	21.5	4310	35.15472686	0.631124352	5.751284558	141.648857	0.015490757	0.862862162	123114	s022_MayberrySE_TuleC_D1	38.049923	-121.765244	42.7	7	74.54	443.9	22.63	13.13	1.084	15.28	0.29	21.75	7.2	0.076	NA	NA	NA	NA	22	s022_MayberrySE_TuleC_D1	s022	W19	2.47	755.51	0.531	70.43	NA	NA	11.90333333	5.414	3.123	0.7355	372911.34	63993.07	110095.06	3158.56	685.23	502.3	575.75	34.08	20753.45	1.09	5.55	NA
43	MayberrySE_TuleC_D2	NA	NA	NA	NA	NA	NA	NA	NA	105	MayberrySE	Mayberry	Tule	SF_Rest	Oligo	Pond	d2	9/6/17	2.473956295	12.8	21.5	4310	35.15472686	0.631124352	5.751284558	141.648857	0.015490757	0.862862162	123114	s105_MayberrySE_TuleC_D2	38.049923	-121.765244	55.5	7.35	47.04	85.5	21.13	12.26	0.863	12.93	0.29	24.96	22.1	0.079	62	471	29780	45	105	s105_MayberrySE_TuleC_D2	s105	W19	2.47	755.51	0.531	70.43	NA	NA	11.90333333	5.414	3.123	0.7355	372911.34	63993.07	110095.06	3158.56	685.23	502.3	575.75	34.08	20753.45	1.09	5.55	NA
44	MayberrySE_CattailA_D1	MayberrySE_CattailA_D1	38.0499	-121.7653	9/4/13	1072556	3300014270	Ga0075325	Gp0116091	23	MayberrySE	Mayberry	Cattail	SF_Rest	Oligo	Pond	d1	9/4/17	1.958439419	12.8	21.2	3436	9.839868591	0.071790103	1.609794453	16.11249201	0.001762066	0.241516605	151221	s023_MayberrySE_CattailA_D1	38.049904	-121.765358	41	6.88	36.69	349.7	26.52	15.38	1.219	16.95	0.39	27.21	8.6	0.077	NA	NA	NA	NA	23	s023_MayberrySE_CattailA_D1	s023	W7	1.96	670.022	138.55	17.59	1.208	NA	2.077333333	1.866	2.236	0.176	331733.17	51682.37	73850.47	732.95	452.83	359.11	259.67	20.59	9269.13	1.12	5.94	9.46
45	MayberrySE_CattailA_D2	MayberrySE_CattailA_D2	38.0499	-121.7653	9/4/13	1072557	3300014271	Ga0075326	Gp0116092	106	MayberrySE	Mayberry	Cattail	SF_Rest	Oligo	Pond	d2	9/4/17	1.958439419	12.8	21.2	3436	9.839868591	0.071790103	1.609794453	16.11249201	0.001762066	0.241516605	151221	s106_MayberrySE_CattailA_D2	38.049904	-121.765358	52.2	7.44	21.4	45.1	23.25	13.48	0.964	14.78	NA	21.09	22.8	0.083	53	571	27920	40	106	s106_MayberrySE_CattailA_D2	s106	W7	1.96	670.022	138.55	17.59	1.208	NA	2.077333333	1.866	2.236	0.176	331733.17	51682.37	73850.47	732.95	452.83	359.11	259.67	20.59	9269.13	1.12	5.94	9.46
46	MayberrySE_CattailB_D1	MayberrySE_CattailB_D1	38.0499	-121.7653	9/4/13	1072558	3300014272	Ga0075327	Gp0116093	24	MayberrySE	Mayberry	Cattail	SF_Rest	Oligo	Pond	d1	9/4/17	1.519552185	12.8	21.3	2709	37.86581116	2.672484983	6.194815731	599.8095971	0.065595337	0.929404908	173466	s024_MayberrySE_CattailB_D1	38.049904	-121.765358	42.1	6.52	23.91	487.8	26.45	15.34	1.282	17.78	0.29	29.42	9	0.072	NA	NA	NA	NA	24	s024_MayberrySE_CattailB_D1	s024	W8	1.52	1112.359	106.7045	43.49	0.292	NA	7.413333333	5.332	3.9305	0.3025	558319.95	78058.07	107328.02	2159.6	751.71	387.74	426.6	33.55	18644.98	0.62	8.56	2.23
47	MayberrySE_CattailB_D2	NA	NA	NA	NA	NA	NA	NA	NA	107	MayberrySE	Mayberry	Cattail	SF_Rest	Oligo	Pond	d2	9/4/17	1.519552185	12.8	21.3	2709	37.86581116	2.672484983	6.194815731	599.8095971	0.065595337	0.929404908	173466	s107_MayberrySE_CattailB_D2	38.049904	-121.765358	54	6.99	18.52	55.8	24.26	14.07	0.969	14.27	0.17	21.05	22.1	0.083	59	426	27840	45	107	s107_MayberrySE_CattailB_D2	s107	W8	1.52	1112.359	106.7045	43.49	0.292	NA	7.413333333	5.332	3.9305	0.3025	558319.95	78058.07	107328.02	2159.6	751.71	387.74	426.6	33.55	18644.98	0.62	8.56	2.23
48	MayberrySE_CattailC_D1	NA	NA	NA	NA	NA	NA	NA	NA	25	MayberrySE	Mayberry	Cattail	SF_Rest	Oligo	Pond	d1	9/4/17	1.500152135	13.4	21.4	2682	8.694154892	0.039826341	1.422356628	8.938580171	0.000977526	0.213395408	149598	s025_MayberrySE_CattailC_D1	38.049904	-121.765358	38.5	6.9	47.46	406.7	26.2	15.2	1.25	17.45	0.17	18.52	6.4	0.08	NA	NA	NA	NA	25	s025_MayberrySE_CattailC_D1	s025	W9	1.5	772.078	166.938	30.81	0.1665	NA	4.846666667	1.114	2.839	0.2785	376886.33	66109.26	93819.99	5562.82	637.3	184.94	124.81	22.74	14847.33	0.67	6.79	5.66
49	MayberrySE_CattailC_D2	NA	NA	NA	NA	NA	NA	NA	NA	108	MayberrySE	Mayberry	Cattail	SF_Rest	Oligo	Pond	d2	9/4/17	1.500152135	13.4	21.4	2682	8.694154892	0.039826341	1.422356628	8.938580171	0.000977526	0.213395408	149598	s108_MayberrySE_CattailC_D2	38.049904	-121.765358	53.7	7.49	37.11	50.5	21.86	12.68	0.919	13.89	0.29	20.04	14.4	0.079	58	450	27800	45	108	s108_MayberrySE_CattailC_D2	s108	W9	1.5	772.078	166.938	30.81	0.1665	NA	4.846666667	1.114	2.839	0.2785	376886.33	66109.26	93819.99	5562.82	637.3	184.94	124.81	22.74	14847.33	0.67	6.79	5.66
50	MayberryNW_TuleA_D1	MayberryNW_TuleA_D1	38.0525	-121.7692	10/9/13	1072554	3300014301	Ga0075323	Gp0116089	26	MayberryNW	Mayberry	Tule	SF_Rest	Oligo	Pond	d1	10/9/17	3.2	13	17.2	5033	65.24678813	2.261932784	10.67432117	507.6657121	0.055518458	1.601462725	147277	s026_MayberryNW_TuleA_D1	38.052466	-121.7691402	44.5	5.95	74.18	61.3	24.9	14.44	1.188	16.15	0.22	12.22	8.3	0.088	NA	NA	NA	NA	26	s026_MayberryNW_TuleA_D1	s026	W77	3.23	1951.528	31.102	91.03	1.798	NA	0.049833333	NA	8.148	0.65	976662.06	166242.35	186636.96	17709.77	1966.99	213.49	440.02	23.66	9435.85	1.44	10.44	13.16
52	MayberryNW_TuleA_D2	MayberryNW_TuleA_D2	37.770749	-122.378031	10/9/13	1047998	3300003999	Ga0055469	Gp0101354	109	MayberryNW	Mayberry	Tule	SF_Rest	Oligo	Pond	d2	10/9/17	3.2	13	17.2	5033	65.24678813	2.261932784	10.67432117	507.6657121	0.055518458	1.601462725	147277	s109_MayberryNW_TuleA_D2	38.052466	-121.7691402	51.3	5.94	76.29	30.8	25.34	14.7	1.076	15.65	0.18	14.08	18.5	0.103	66	417	32970	44	109	s109_MayberryNW_TuleA_D2	s109	W77	3.23	1951.528	31.102	91.03	1.798	NA	0.049833333	NA	8.148	0.65	976662.06	166242.35	186636.96	17709.77	1966.99	213.49	440.02	23.66	9435.85	1.44	10.44	13.16
53	MayberryNW_TuleB_D1	MayberryNW_TuleB_D1	37.770749	-122.378031	10/9/13	1048001	3300003992	Ga0055470	Gp0101355	27	MayberryNW	Mayberry	Tule	SF_Rest	Oligo	Pond	d1	10/9/17	3.3	12.8	16.4	5063	84.6027521	7.484902836	13.84094104	1679.90338	0.183714681	2.07654902	128302	s027_MayberryNW_TuleB_D1	38.052466	-121.7691402	41.8	6.2	75.98	153.9	26.51	15.38	1.288	17	0.19	57.69	8.6	0.108	NA	NA	NA	NA	27	s027_MayberryNW_TuleB_D1	s027	W78	3.31	1028.214	25.446	53.9	0.466	NA	NA	NA	4.63	0.454	515583.57	95313.91	141550.45	18008.51	1009.16	102.42	3.25	21.25	8480.81	0.8	6.46	NA
54	MayberryNW_TuleB_D2	MayberryNW_TuleB_D2	37.770749	-122.378031	10/9/13	1048004	3300003987	Ga0055471	Gp0101356	110	MayberryNW	Mayberry	Tule	SF_Rest	Oligo	Pond	d2	10/9/17	3.3	12.8	16.4	5063	84.6027521	7.484902836	13.84094104	1679.90338	0.183714681	2.07654902	128302	s110_MayberryNW_TuleB_D2	38.052466	-121.7691402	51.8	6.48	60.22	42	26.21	15.2	1.089	16.03	NA	67.44	23.2	0.102	61	476	31850	41	110	s110_MayberryNW_TuleB_D2	s110	W78	3.31	1028.214	25.446	53.9	0.466	NA	NA	NA	4.63	0.454	515583.57	95313.91	141550.45	18008.51	1009.16	102.42	3.25	21.25	8480.81	0.8	6.46	NA
55	MayberryNW_TuleC_D1	MayberryNW_TuleC_D1	38.0525	-121.7692	10/9/13	1072555	3300014263	Ga0075324	Gp0116090	28	MayberryNW	Mayberry	Tule	SF_Rest	Oligo	Pond	d1	10/9/17	3	13.4	16.5	4583	11.34818142	0.734922143	1.856553198	164.9451193	0.018038442	0.278537688	154081	s028_MayberryNW_TuleC_D1	38.052466	-121.7691402	45.9	6.63	60.63	101.9	24.59	14.26	1.19	16.82	0.13	39.17	6.6	0.082	NA	NA	NA	NA	28	s028_MayberryNW_TuleC_D1	s028	W79	2.97	1527.576	17.3	74.55	1.588	NA	2.421666667	NA	6.646	0.45	777787.29	123036.21	143436.13	28824.74	1110.96	435.05	633.29	26.57	11693.96	0.76	6.27	NA
56	MayberryNW_TuleC_D2	MayberryNW_TuleC_D2	37.770749	-122.378031	10/9/13	1048007	3300003998	Ga0055472	Gp0101357	111	MayberryNW	Mayberry	Tule	SF_Rest	Oligo	Pond	d2	10/9/17	3	13.4	16.5	4583	11.34818142	0.734922143	1.856553198	164.9451193	0.018038442	0.278537688	154081	s111_MayberryNW_TuleC_D2	38.052466	-121.7691402	52	6.48	58.41	47.2	25.24	14.64	1.037	14.78	0.22	23.33	13.9	0.083	61	387	30100	42	111	s111_MayberryNW_TuleC_D2	s111	W79	2.97	1527.576	17.3	74.55	1.588	NA	2.421666667	NA	6.646	0.45	777787.29	123036.21	143436.13	28824.74	1110.96	435.05	633.29	26.57	11693.96	0.76	6.27	NA
57	MayberryNW_CattailA_D1	MayberryNW_CattailA_D1	38.0525	-121.7692	10/9/13	1072552	3300014300	Ga0075321	Gp0116087	29	MayberryNW	Mayberry	Cattail	SF_Rest	Oligo	Pond	d1	10/9/17	3.7	12.4	17.2	5753	59.80230681	3.456514191	9.783608475	775.7762525	0.084839098	1.467829574	132440	s029_MayberryNW_CattailA_D1	38.052416	-121.76907	37.1	6.33	81.76	180.9	28.2	16.36	1.26	18.03	0.2	22.8	12.9	0.102	NA	NA	NA	NA	29	s029_MayberryNW_CattailA_D1	s029	W74	3.72	1200.494	13.7775	125.3	NA	1.309	NA	NA	7.0095	0.7895	559893.14	142815.83	208159.83	14412.34	1998.78	261.83	992.74	22.26	13371.21	2.76	7.17	1.23
58	MayberryNW_CattailA_D2	MayberryNW_CattailA_D2	37.770749	-122.378031	10/9/13	1047986	3300004013	Ga0055465	Gp0101350	112	MayberryNW	Mayberry	Cattail	SF_Rest	Oligo	Pond	d2	10/9/17	3.7	12.4	17.2	5753	59.80230681	3.456514191	9.783608475	775.7762525	0.084839098	1.467829574	132440	s112_MayberryNW_CattailA_D2	38.052416	-121.76907	47.6	6.37	57.69	47.4	27.75	16.1	1.087	15.73	0.19	17.89	22.8	0.112	61	412	29870	40	112	s112_MayberryNW_CattailA_D2	s112	W74	3.72	1200.494	13.7775	125.3	NA	1.309	NA	NA	7.0095	0.7895	559893.14	142815.83	208159.83	14412.34	1998.78	261.83	992.74	22.26	13371.21	2.76	7.17	1.23
59	MayberryNW_CattailB_D1	MayberryNW_CattailB_D1	38.0525	-121.7692	10/9/13	1072553	3300014311	Ga0075322	Gp0116088	30	MayberryNW	Mayberry	Cattail	SF_Rest	Oligo	Pond	d1	10/9/17	3.7	12.6	17.5	5809	117.5183826	3.870948834	19.22591127	868.7915088	0.095011271	2.884453237	134998	s030_MayberryNW_CattailB_D1	38.052416	-121.76907	38.4	6.39	114.07	232.4	27.77	16.11	1.265	17.44	0.18	27.07	11.4	0.115	NA	NA	NA	NA	30	s030_MayberryNW_CattailB_D1	s030	W75	3.74	2109.3955	4.2655	152.1	NA	NA	14.29666667	NA	10.6235	0.9475	1066717.9	188097.06	220804.16	23214.02	2224.65	907.66	1122.42	32.83	22082.9	2.52	9.5	NA
60	MayberryNW_CattailB_D2	MayberryNW_CattailB_D2	37.770749	-122.378031	10/9/13	1047992	3300003996	Ga0055467	Gp0101352	113	MayberryNW	Mayberry	Cattail	SF_Rest	Oligo	Pond	d2	10/9/17	3.7	12.6	17.5	5809	117.5183826	3.870948834	19.22591127	868.7915088	0.095011271	2.884453237	134998	s113_MayberryNW_CattailB_D2	38.052416	-121.76907	50.7	6.53	75.2	40.4	24.54	14.23	1.019	15.1	0.2	39.39	19.9	0.101	63	475	32530	43	113	s113_MayberryNW_CattailB_D2	s113	W75	3.74	2109.3955	4.2655	152.1	NA	NA	14.29666667	NA	10.6235	0.9475	1066717.9	188097.06	220804.16	23214.02	2224.65	907.66	1122.42	32.83	22082.9	2.52	9.5	NA
61	MayberryNW_CattailC_D1	MayberryNW_CattailC_D1	37.770749	-122.378031	10/9/13	1047989	3300003997	Ga0055466	Gp0101351	31	MayberryNW	Mayberry	Cattail	SF_Rest	Oligo	Pond	d1	10/9/17	3.2	12.4	16.8	4920	99.40803818	5.812950443	16.26307373	1304.652219	0.142677114	2.439940299	133087	s031_MayberryNW_CattailC_D1	38.052416	-121.76907	43.8	6.27	82.12	138.1	27.68	16.06	1.235	17.1	0.12	10.69	9.5	0.085	NA	NA	NA	NA	31	s031_MayberryNW_CattailC_D1	s031	W76	3.18	1552.917	23.5405	94.79	NA	0.4365	NA	NA	7.3225	0.892	743017.54	124685.81	193011.09	14087.7	1780.33	119.59	36.14	24.41	9083.47	1.44	10.28	NA
62	MayberryNW_CattailC_D2	MayberryNW_CattailC_D2	37.770749	-122.378031	10/9/13	1047995	3300003993	Ga0055468	Gp0101353	114	MayberryNW	Mayberry	Cattail	SF_Rest	Oligo	Pond	d2	10/9/17	3.2	12.4	16.8	4920	99.40803818	5.812950443	16.26307373	1304.652219	0.142677114	2.439940299	133087	s114_MayberryNW_CattailC_D2	38.052416	-121.76907	52.1	6.37	60.94	34	26	15.08	1.049	15.24	NA	15.72	16.9	0.09	63	472	30990	43	114	s114_MayberryNW_CattailC_D2	s114	W76	3.18	1552.917	23.5405	94.79	NA	0.4365	NA	NA	7.3225	0.892	743017.54	124685.81	193011.09	14087.7	1780.33	119.59	36.14	24.41	9083.47	1.44	10.28	NA
63	Browns_TuleA_D1	Browns_TuleA_D1	38.0458	-121.8667	9/7/13	1072532	3300014262	Ga0075301	Gp0116067	31.5	Browns Island	Browns	Tule	SF_Ref	Oligo	Ref	d1	9/7/17	2.601674251	13	22.5	4616	6.677983546	0.004864347	1.092512646	1.091748797	0.000119394	0.163909091	NA	NA	38.04565	-121.866287	41.7	5.74	62.39	106	10.47	6.07	0.389	5.39	0.25	15.64	24.8	0.09	NA	NA	NA	NA	31.5	NA	s115	W23	2.6	1410.092	173.628	9.053	0.8	NA	4.619333333	NA	4.468	0.276	701808.98	94484.69	74944.69	19522.06	699.85	840.98	8536.98	20.28	12061.2	5.16	13.35	8.48
64	Browns_TuleA_D2	Browns_TuleA_D2	37.770749	-122.378031	9/7/13	1047905	3300003995	Ga0055438	Gp0101323	115	Browns Island	Browns	Tule	SF_Ref	Oligo	Ref	d2	9/7/17	2.601674251	13	22.5	4616	6.677983546	0.004864347	1.092512646	1.091748797	0.000119394	0.163909091	NA	s115_Browns_TuleA_D2	38.04565	-121.866287	41.7	5.74	62.39	106	10.47	6.07	0.389	5.39	0.25	15.64	24.8	0.09	120	927	42340	62	115	s115_Browns_TuleA_D2	s115	W23	2.6	1410.092	173.628	9.053	0.8	NA	4.619333333	NA	4.468	0.276	701808.98	94484.69	74944.69	19522.06	699.85	840.98	8536.98	20.28	12061.2	5.16	13.35	8.48
65	Browns_TuleB_D1	Browns_TuleB_D1	38.0458	-121.8667	9/7/13	1072533	3300014269	Ga0075302	Gp0116068	32	Browns Island	Browns	Tule	SF_Ref	Oligo	Ref	d1	9/7/17	2.879273163	12.2	23.3	5163	16.51505397	0.00824754	2.701849321	1.851068939	0.000202433	0.405357016	155712	s032_Browns_TuleB_D1	38.04565	-121.866287	34.7	6.05	71.29	126.5	12.65	7.34	0.524	7.23	0.15	12.59	14.8	0.098	NA	NA	NA	NA	32	s032_Browns_TuleB_D1	s032	W24	2.88	1472.661	197.094	8.675	2.6365	1.6995	1.971333333	NA	4.777	0.41	719536.26	84484.99	61483.98	19647.19	534.32	43.23	17.23	21.09	9866.08	0.22	15.07	6.84
66	Browns_TuleB_D2	Browns_TuleB_D2	37.770749	-122.378031	9/7/13	1047908	3300004019	Ga0055439	Gp0101324	116	Browns Island	Browns	Tule	SF_Ref	Oligo	Ref	d2	9/7/17	2.879273163	12.2	23.3	5163	16.51505397	0.00824754	2.701849321	1.851068939	0.000202433	0.405357016	155712	s116_Browns_TuleB_D2	38.04565	-121.866287	37.4	5.66	80.26	134.7	12.22	7.09	0.411	5.92	0.56	8.68	18.8	0.094	116	1315	43100	61	116	s116_Browns_TuleB_D2	s116	W24	2.88	1472.661	197.094	8.675	2.6365	1.6995	1.971333333	NA	4.777	0.41	719536.26	84484.99	61483.98	19647.19	534.32	43.23	17.23	21.09	9866.08	0.22	15.07	6.84
67	Browns_TuleC_D1	Browns_TuleC_D1	38.0458	-121.8667	9/7/13	1072534	3300014299	Ga0075303	Gp0116069	33	Browns Island	Browns	Tule	SF_Ref	Oligo	Ref	d1	9/7/17	2.741693348	12.6	22.9	4890	5.910431903	0.003482019	0.966941824	0.781500622	8.55E-05	0.145069767	178925	s033_Browns_TuleC_D1	38.04565	-121.866287	30.5	6.21	82.66	137.7	13.76	7.98	0.557	8.38	0.13	13.4	15.4	0.095	NA	NA	NA	NA	33	s033_Browns_TuleC_D1	s033	W25	2.74	1815.0105	205.3085	8.609	3.3435	2.044	0.064666667	NA	5.843	0.231	870858.57	107983.69	74802.18	22817.17	707.15	7.32	0.71	17.8	9152.4	0.17	17.08	5.9
68	Browns_TuleC_D2	Browns_TuleC_D2	37.770749	-122.378031	9/7/13	1047911	3300004020	Ga0055440	Gp0101325	117	Browns Island	Browns	Tule	SF_Ref	Oligo	Ref	d2	9/7/17	2.741693348	12.6	22.9	4890	5.910431903	0.003482019	0.966941824	0.781500622	8.55E-05	0.145069767	178925	s117_Browns_TuleC_D2	38.04565	-121.866287	34.8	6.13	73.58	128.2	11.06	6.42	0.397	5.78	NA	10.58	10.3	0.074	115	425	33960	63	117	s117_Browns_TuleC_D2	s117	W25	2.74	1815.0105	205.3085	8.609	3.3435	2.044	0.064666667	NA	5.843	0.231	870858.57	107983.69	74802.18	22817.17	707.15	7.32	0.71	17.8	9152.4	0.17	17.08	5.9
69	Browns_ThreeSqA_D1	Browns_ThreeSqA_D1	37.770749	-122.378031	9/7/13	1047887	3300004022	Ga0055432	Gp0101317	34	Browns Island	Browns	ThreeSq	SF_Ref	Oligo	Ref	d1	9/7/17	4.865336514	12	20.7	7981	69.40605887	0.013220452	11.35477446	2.967183697	0.000324492	1.70355077	153798	s034_Browns_ThreeSqA_D1	38.045666	-121.866516	32.4	6.25	88.98	175.1	13.94	8.09	0.599	8.18	0.43	16.38	23.5	0.093	NA	NA	NA	NA	34	s034_Browns_ThreeSqA_D1	s034	W20	4.87	1575.502	61.612	10.51	1.688	NA	0.332333333	1.656	4.902	0.148	740570.67	100411.18	72503.11	11945.29	685.37	429.71	1572.14	18.98	9933.09	0.41	11.7	1.24
70	Browns_ThreeSqA_D2	Browns_ThreeSqA_D2	37.770749	-122.378031	9/7/13	1047896	3300003994	Ga0055435	Gp0101320	118	Browns Island	Browns	ThreeSq	SF_Ref	Oligo	Ref	d2	9/7/17	4.865336514	12	20.7	7981	69.40605887	0.013220452	11.35477446	2.967183697	0.000324492	1.70355077	153798	s118_Browns_ThreeSqA_D2	38.045666	-121.866516	33.7	6.05	98.67	175	14.35	8.32	0.5	7.18	0.42	28.53	22	0.095	113	621	40070	57	118	s118_Browns_ThreeSqA_D2	s118	W20	4.87	1575.502	61.612	10.51	1.688	NA	0.332333333	1.656	4.902	0.148	740570.67	100411.18	72503.11	11945.29	685.37	429.71	1572.14	18.98	9933.09	0.41	11.7	1.24
71	Browns_ThreeSqB_D1	Browns_ThreeSqB_D1	37.770749	-122.378031	9/7/13	1047890	3300004025	Ga0055433	Gp0101318	35	Browns Island	Browns	ThreeSq	SF_Ref	Oligo	Ref	d1	9/7/17	4.348960689	12	19.9	7064	22.42447327	0.00450913	3.668625483	1.012024245	0.000110675	0.550401929	171841	s035_Browns_ThreeSqB_D1	38.045666	-121.866516	31.6	6.23	78.87	145.7	14.38	8.34	0.592	8.37	0.38	24.57	18.4	0.108	NA	NA	NA	NA	35	s035_Browns_ThreeSqB_D1	s035	W21	4.35	1593.292	22.508	19.96	NA	NA	5.946666667	6.744	5.7615	0.446	735115.74	103892.89	74038.84	13579.15	713.44	444.01	2940.1	22.82	13861.75	0.46	11.57	NA
72	Browns_ThreeSqB_D2	Browns_ThreeSqB_D2	37.770749	-122.378031	9/7/13	1047899	3300004024	Ga0055436	Gp0101321	119	Browns Island	Browns	ThreeSq	SF_Ref	Oligo	Ref	d2	9/7/17	4.348960689	12	19.9	7064	22.42447327	0.00450913	3.668625483	1.012024245	0.000110675	0.550401929	171841	s119_Browns_ThreeSqB_D2	38.045666	-121.866516	36.5	5.93	82.06	156.8	12.54	7.27	0.459	6.43	0.25	13.87	8.5	0.081	122	514	41180	61	119	s119_Browns_ThreeSqB_D2	s119	W21	4.35	1593.292	22.508	19.96	NA	NA	5.946666667	6.744	5.7615	0.446	735115.74	103892.89	74038.84	13579.15	713.44	444.01	2940.1	22.82	13861.75	0.46	11.57	NA
73	Browns_ThreeSqC_D1	Browns_ThreeSqC_D1	37.770749	-122.378031	9/7/13	1047893	3300005183	Ga0068993	Gp0101319	36	Browns Island	Browns	ThreeSq	SF_Ref	Oligo	Ref	d1	9/7/17	4.143776503	12.2	20	6767	7.389017064	-0.000173914	1.208837148	-0.039032977	-4.27E-06	0.181361194	173223	s036_Browns_ThreeSqC_D1	38.045666	-121.866516	33.4	6.22	82.66	143.6	12.73	7.38	0.556	7.37	0.42	15.86	15.7	0.099	NA	NA	NA	NA	36	s036_Browns_ThreeSqC_D1	s036	W22	4.14	1488.093	8.8065	19.15	NA	NA	3.240666667	3.1545	5.8125	0.456	701542.46	100987.7	72569.68	15138.08	660.33	266.77	5699.23	17.96	14472.26	0.48	11.23	NA
74	Browns_ThreeSqC_D2	Browns_ThreeSqC_D2	37.770749	-122.378031	9/7/13	1047902	3300004009	Ga0055437	Gp0101322	120	Browns Island	Browns	ThreeSq	SF_Ref	Oligo	Ref	d2	9/7/17	4.143776503	12.2	20	6767	7.389017064	-0.000173914	1.208837148	-0.039032977	-4.27E-06	0.181361194	173223	s120_Browns_ThreeSqC_D2	38.045666	-121.866516	37.3	5.98	93.98	141.9	12.44	7.22	0.461	6.51	0.6	19.2	17.6	0.088	121	487	43760	63	120	s120_Browns_ThreeSqC_D2	s120	W22	4.14	1488.093	8.8065	19.15	NA	NA	3.240666667	3.1545	5.8125	0.456	701542.46	100987.7	72569.68	15138.08	660.33	266.77	5699.23	17.96	14472.26	0.48	11.23	NA
75	RushSE_TuleA_D1	RushSE_TuleA_D1	38.2031	-122.0277	9/24/13	1072579	3300014319	Ga0075348	Gp0116114	42	RushRanch_SE	RushRanch	Tule	SF_Rest	Meso	Ref	d1	9/24/17	6.368165797	12.2	19.5	9988	9.243000854	0.104523138	1.512147379	23.45905848	0.002565489	0.226866667	105836	s042_RushSE_TuleA_D1	38.224476	-122.019341	32	6.94	165.13	741.1	12.31	7.14	0.544	6.74	NA	27.8	29.6	0.104	NA	NA	NA	NA	42	s042_RushSE_TuleA_D1	s042	W65	6.37	1837.17	134.596	12.19	1.318	NA	0.497666667	1.096	5.322	0.338	873570.11	120862.5	98217.43	29368.2	1089.39	80	5951.83	17.85	15237.92	2.21	9.07	10.53
76	RushSE_TuleA_D2	RushSE_TuleA_D2	37.770749	-122.378031	9/24/13	1048073	3300004048	Ga0055494	Gp0101379	127	RushRanch_SE	RushRanch	Tule	SF_Rest	Meso	Ref	d2	9/24/17	6.368165797	12.2	19.5	9988	9.243000854	0.104523138	1.512147379	23.45905848	0.002565489	0.226866667	105836	s127_RushSE_TuleA_D2	38.224476	-122.019341	38	6.72	149.79	751	11.19	6.49	0.443	5.93	0.17	30.62	19	0.066	141	932	47250	54	127	s127_RushSE_TuleA_D2	s127	W65	6.37	1837.17	134.596	12.19	1.318	NA	0.497666667	1.096	5.322	0.338	873570.11	120862.5	98217.43	29368.2	1089.39	80	5951.83	17.85	15237.92	2.21	9.07	10.53
77	RushSE_TuleB_D1	RushSE_TuleB_D1	38.2031	-122.0277	9/24/13	1072580	3300014305	Ga0075349	Gp0116115	43	RushRanch_SE	RushRanch	Tule	SF_Rest	Meso	Ref	d1	9/24/17	6.473276176	12.4	18.2	9853	28.49100135	0.648202689	4.661104515	145.4819003	0.015909939	0.69930303	132354	s043_RushSE_TuleB_D1	38.224476	-122.019341	27.4	7.17	233.28	644.3	12.71	7.37	0.54	7.22	NA	25.94	35.5	0.1	NA	NA	NA	NA	43	s043_RushSE_TuleB_D1	s043	W66	6.47	2489.4485	136.23	20.76	NA	NA	4.551333333	4.887	8.424	0.6935	1171654.91	157657.2	113830.35	39718.65	1301.26	217.33	7973.61	19.81	19676.06	0.84	10.96	4
78	RushSE_TuleB_D2	RushSE_TuleB_D2	37.770749	-122.378031	9/24/13	1048076	3300004146	Ga0055495	Gp0101380	128	RushRanch_SE	RushRanch	Tule	SF_Rest	Meso	Ref	d2	9/24/17	6.473276176	12.4	18.2	9853	28.49100135	0.648202689	4.661104515	145.4819003	0.015909939	0.69930303	132354	s128_RushSE_TuleB_D2	38.224476	-122.019341	34.6	6.8	179.55	730.1	11.42	6.63	0.46	6.17	NA	20.23	14.4	0.08	139	843	47330	51	128	s128_RushSE_TuleB_D2	s128	W66	6.47	2489.4485	136.23	20.76	NA	NA	4.551333333	4.887	8.424	0.6935	1171654.91	157657.2	113830.35	39718.65	1301.26	217.33	7973.61	19.81	19676.06	0.84	10.96	4
79	RushSE_TuleC_D1	RushSE_TuleC_D1	38.2031	-122.0277	9/24/13	1072581	3300014315	Ga0075350	Gp0116116	44	RushRanch_SE	RushRanch	Tule	SF_Rest	Meso	Ref	d1	9/24/17	7.180456676	11.8	18.5	10921	37.66105398	0.116345186	6.161317625	26.11238599	0.002855657	0.924379205	138045	s044_RushSE_TuleC_D1	38.224476	-122.019341	32.2	7.09	196.72	512.7	12	6.96	0.533	6.77	0.2	17.71	34.6	0.12	NA	NA	NA	NA	44	s044_RushSE_TuleC_D1	s044	W67	7.18	3413.2325	318.9515	18.71	NA	0.2165	0.025333333	NA	11.277	0.6125	1587197.8	213406.24	146034.22	46547.33	2195.76	19.56	4829.86	19.51	12212.34	2.84	19.84	15.13
80	RushSE_TuleC_D2	RushSE_TuleC_D2	37.770749	-122.378031	9/24/13	1048079	3300004057	Ga0055496	Gp0101381	129	RushRanch_SE	RushRanch	Tule	SF_Rest	Meso	Ref	d2	9/24/17	7.180456676	11.8	18.5	10921	37.66105398	0.116345186	6.161317625	26.11238599	0.002855657	0.924379205	138045	s129_RushSE_TuleC_D2	38.224476	-122.019341	33.5	6.83	210.45	570.7	9.84	5.71	0.397	5.07	0.36	12.16	24.4	0.084	140	774	40220	52	129	s129_RushSE_TuleC_D2	s129	W67	7.18	3413.2325	318.9515	18.71	NA	0.2165	0.025333333	NA	11.277	0.6125	1587197.8	213406.24	146034.22	46547.33	2195.76	19.56	4829.86	19.51	12212.34	2.84	19.84	15.13
81	RushSE_CattailNLA_D1	RushSE_CattailNLA_D1	38.2031	-122.0277	9/24/13	1072576	3300014312	Ga0075345	Gp0116111	45	RushRanch_SE	RushRanch	CattailNL	SF_Rest	Meso	Ref	d1	9/24/17	6.488424734	12.6	20.8	10454	12.41783771	0.02158519	2.031548092	4.844556408	0.000529802	0.304792079	147960	s045_RushSE_CattailNLA_D1	38.224518	-122.019257	31.2	7.09	183.63	624.7	13.55	7.86	0.566	7.29	0.24	30.9	34.9	0.104	NA	NA	NA	NA	45	s045_RushSE_CattailNLA_D1	s045	W62	6.49	2985.1525	148.5035	16.98	NA	1.1505	0.051333333	NA	9.8605	0.5145	1388465.8	192358.27	132137.2	40667.76	1981.69	31.19	7636	19.82	21261.89	1.51	15.54	12.47
82	RushSE_CattailNLA_D2	RushSE_CattailNLA_D2	37.770749	-122.378031	9/24/13	1048064	3300004050	Ga0055491	Gp0101376	130	RushRanch_SE	RushRanch	CattailNL	SF_Rest	Meso	Ref	d2	9/24/17	6.488424734	12.6	20.8	10454	12.41783771	0.02158519	2.031548092	4.844556408	0.000529802	0.304792079	147960	s130_RushSE_CattailNLA_D2	38.224518	-122.019257	34	6.88	170.3	632	11.61	6.73	0.432	6.04	0.21	15.03	14.2	0.07	138	809	45980	53	130	s130_RushSE_CattailNLA_D2	s130	W62	6.49	2985.1525	148.5035	16.98	NA	1.1505	0.051333333	NA	9.8605	0.5145	1388465.8	192358.27	132137.2	40667.76	1981.69	31.19	7636	19.82	21261.89	1.51	15.54	12.47
83	RushSE_CattailNLB_D1	RushSE_CattailNLB_D1	38.2031	-122.0277	9/24/13	1072577	3300014306	Ga0075346	Gp0116112	46	RushRanch_SE	RushRanch	CattailNL	SF_Rest	Meso	Ref	d1	9/24/17	7.4866462	12.8	19.4	11580	14.711713	0.012579821	2.406824212	2.823401205	0.000308768	0.361094556	130498	s046_RushSE_CattailNLB_D1	38.224518	-122.019257	32.2	7.02	200.33	841.9	12.23	7.09	0.524	6.67	0.17	14.43	15.3	0.081	NA	NA	NA	NA	46	s046_RushSE_CattailNLB_D1	s046	W63	7.49	2950.139	269.369	17.78	0.421	0.5535	0.009833333	0.9605	9.5885	0.445	1434498.8	184637.59	125532.96	41970.3	1862.54	23.59	6301.25	23.94	15102.86	1.37	17.4	20.83
84	RushSE_CattailNLB_D2	RushSE_CattailNLB_D2	37.770749	-122.378031	9/24/13	1048067	3300004051	Ga0055492	Gp0101377	131	RushRanch_SE	RushRanch	CattailNL	SF_Rest	Meso	Ref	d2	9/24/17	7.4866462	12.8	19.4	11580	14.711713	0.012579821	2.406824212	2.823401205	0.000308768	0.361094556	130498	s131_RushSE_CattailNLB_D2	38.224518	-122.019257	32.5	6.85	190.52	758.2	11.94	6.92	0.438	6.23	NA	22.97	16.7	0.068	136	855	45910	52	131	s131_RushSE_CattailNLB_D2	s131	W63	7.49	2950.139	269.369	17.78	0.421	0.5535	0.009833333	0.9605	9.5885	0.445	1434498.8	184637.59	125532.96	41970.3	1862.54	23.59	6301.25	23.94	15102.86	1.37	17.4	20.83
85	RushSE_CattailNLC_D1	RushSE_CattailNLC_D1	38.2031	-122.0277	9/24/13	1072578	3300014313	Ga0075347	Gp0116113	47	RushRanch_SE	RushRanch	CattailNL	SF_Rest	Meso	Ref	d1	9/24/17	7.406254334	12.4	18.5	11239	6.477604459	0.004719359	1.059730791	1.059207735	0.000115835	0.158990847	153276	s047_RushSE_CattailNLC_D1	38.224518	-122.019257	30.8	6.99	198.08	579.6	11.82	6.86	0.551	6.51	0.15	25.42	18.2	0.127	NA	NA	NA	NA	47	s047_RushSE_CattailNLC_D1	s047	W64	7.41	2869.2955	314.309	13.01	NA	0.3895	0.007166667	NA	8.9455	0.5715	1360110.13	161250.03	108370.78	36362.68	1292.32	21.86	918.46	17.67	10573.31	0.54	16.49	24.09
86	RushSE_CattailNLC_D2	RushSE_CattailNLC_D2	37.770749	-122.378031	9/24/13	1048070	3300004049	Ga0055493	Gp0101378	132	RushRanch_SE	RushRanch	CattailNL	SF_Rest	Meso	Ref	d2	9/24/17	7.406254334	12.4	18.5	11239	6.477604459	0.004719359	1.059730791	1.059207735	0.000115835	0.158990847	153276	s132_RushSE_CattailNLC_D2	38.224518	-122.019257	36.6	6.73	173.77	372.9	10.73	6.22	0.436	5.55	0.37	17.21	18.3	0.088	144	819	42870	52	132	s132_RushSE_CattailNLC_D2	s132	W64	7.41	2869.2955	314.309	13.01	NA	0.3895	0.007166667	NA	8.9455	0.5715	1360110.13	161250.03	108370.78	36362.68	1292.32	21.86	918.46	17.67	10573.31	0.54	16.49	24.09
87	RushMan_CattailNLA_D1	NA	NA	NA	NA	NA	NA	NA	NA	37	RushRanch_managed	RushRanch	CattailNL	SF_Rest	Meso	Restored	d1	9/19/17	8.155155217	11.6	20.1	12727	31.38608665	0.13102626	5.134738102	29.40738992	0.003216	0.770362025	136017	s037_RushMan_CattailNLA_D1	38.209923	-122.033409	24.9	6.2	286.54	676.9	18.1	10.5	0.751	10.51	0.32	23.03	36.8	0.123	NA	NA	NA	NA	37	s037_RushMan_CattailNLA_D1	s037	W53	8.16	1898.716	424.22	10.64	2.098	NA	NA	NA	5.618	0.212	1017459.48	109434.21	77463.11	29406.96	796.26	24.76	634.84	18.56	10213.22	3.17	11.85	36.7
88	RushMan_CattailNLA_D2	RushMan_CattailNLA_D2	37.770749	-122.378031	9/19/13	1048037	3300005216	Ga0068994	Gp0101367	121	RushRanch_managed	RushRanch	CattailNL	SF_Rest	Meso	Restored	d2	9/19/17	8.155155217	11.6	20.1	12727	31.38608665	0.13102626	5.134738102	29.40738992	0.003216	0.770362025	136017	s121_RushMan_CattailNLA_D2	38.209923	-122.033409	19.5	6.27	236.74	629.6	27.95	16.21	0.848	15.5	0.71	45.93	9	0.07	102	417	40570	53	121	s121_RushMan_CattailNLA_D2	s121	W53	8.16	1898.716	424.22	10.64	2.098	NA	NA	NA	5.618	0.212	1017459.48	109434.21	77463.11	29406.96	796.26	24.76	634.84	18.56	10213.22	3.17	11.85	36.7
89	RushMan_CattailNLB_D1	NA	NA	NA	NA	NA	NA	NA	NA	38	RushRanch_managed	RushRanch	CattailNL	SF_Rest	Meso	Restored	d1	9/19/17	7.731226222	13	19.9	12061	15.8405615	0.109748293	2.591502904	24.63178651	0.002693739	0.388801802	145353	s038_RushMan_CattailNLB_D1	38.209923	-122.033409	19.6	6.3	239.15	770.7	22.78	13.21	0.838	13.22	0.78	38.61	10	0.06	NA	NA	NA	NA	38	s038_RushMan_CattailNLB_D1	s038	W54	7.73	3371.94	444.71	17.77	1.238	NA	3.834666667	NA	9.732	0.378	1713573.29	199451.38	110713.13	54383.25	1450.55	44.13	623.05	31.94	15192.38	1.17	18.58	25.84
90	RushMan_CattailNLB_D2	RushMan_CattailNLB_D2	37.770749	-122.378031	9/19/13	1048040	3300004063	Ga0055483	Gp0101368	122	RushRanch_managed	RushRanch	CattailNL	SF_Rest	Meso	Restored	d2	9/19/17	7.731226222	13	19.9	12061	15.8405615	0.109748293	2.591502904	24.63178651	0.002693739	0.388801802	145353	s122_RushMan_CattailNLB_D2	38.209923	-122.033409	28.2	6.44	206.7	434.2	24.58	14.26	0.866	13.9	0.29	32.92	11.5	0.058	80	270	28650	48	122	s122_RushMan_CattailNLB_D2	s122	W54	7.73	3371.94	444.71	17.77	1.238	NA	3.834666667	NA	9.732	0.378	1713573.29	199451.38	110713.13	54383.25	1450.55	44.13	623.05	31.94	15192.38	1.17	18.58	25.84
91	RushMan_CattailNLC_D1	RushMan_CattailNLC_D1	38.2079	-122.0311	9/19/13	1072570	3300014316	Ga0075339	Gp0116105	39	RushRanch_managed	RushRanch	CattailNL	SF_Rest	Meso	Restored	d1	9/19/17	8.391195087	12.8	20.3	13124	9.176565251	0.031120812	1.501278568	6.984720829	0.000763851	0.225236025	131328	s039_RushMan_CattailNLC_D1	38.209923	-122.033409	23.8	6.36	262.17	836.6	15.78	9.15	0.653	8.7	0.34	36.53	22.4	0.077	NA	NA	NA	NA	39	s039_RushMan_CattailNLC_D1	s039	W55	8.39	3136.694	395.166	21.41	2.252	NA	4.550666667	NA	9.402	0.394	1586049.41	191270.71	111180.37	50598.08	1372.5	239.08	723.68	23.69	14675.03	0.95	16.73	20.19
92	RushMan_CattailNLC_D2	RushMan_CattailNLC_D2	37.770749	-122.378031	9/19/13	1048043	3300004066	Ga0055484	Gp0101369	123	RushRanch_managed	RushRanch	CattailNL	SF_Rest	Meso	Restored	d2	9/19/17	8.391195087	12.8	20.3	13124	9.176565251	0.031120812	1.501278568	6.984720829	0.000763851	0.225236025	131328	s123_RushMan_CattailNLC_D2	38.209923	-122.033409	21.4	6.6	233.85	629.3	19.98	11.59	0.606	10.56	0.71	32.34	9.8	0.061	114	437	44950	63	123	s123_RushMan_CattailNLC_D2	s123	W55	8.39	3136.694	395.166	21.41	2.252	NA	4.550666667	NA	9.402	0.394	1586049.41	191270.71	111180.37	50598.08	1372.5	239.08	723.68	23.69	14675.03	0.95	16.73	20.19
93	RushMan_ThreeSqA_D1	RushMan_ThreeSqA_D1	38.2079	-122.0311	9/20/13	1072571	3300014304	Ga0075340	Gp0116106	40	RushRanch_managed	RushRanch	ThreeSq	SF_Rest	Meso	Restored	d1	9/20/17	10.69236377	12.6	21.5	16839	20.4002877	0.009756796	3.337470381	2.189804575	0.000239478	0.500718905	181576	s040_RushMan_ThreeSqA_D1	38.209766	-122.033424	28.2	6.58	226.06	415.9	17.45	10.12	0.776	10.41	0.42	30.15	32.2	0.162	NA	NA	NA	NA	40	s040_RushMan_ThreeSqA_D1	s040	W56	10.69	3848.8905	554.447	14.83	NA	1.004	NA	NA	12.5315	0.399	1909814.27	227325.69	129093.71	48827.3	2092.92	26.09	12.15	20.39	6526.29	0.49	23.44	52.35
94	RushMan_ThreeSqA_D2	RushMan_ThreeSqA_D2	37.770749	-122.378031	9/20/13	1048046	3300004067	Ga0055485	Gp0101370	124	RushRanch_managed	RushRanch	ThreeSq	SF_Rest	Meso	Restored	d2	9/20/17	10.69236377	12.6	21.5	16839	20.4002877	0.009756796	3.337470381	2.189804575	0.000239478	0.500718905	181576	s124_RushMan_ThreeSqA_D2	38.209766	-122.033424	30.1	6.17	233.56	591.7	19.39	11.25	0.677	10.66	0.31	21.19	25.3	0.16	124	2561	44060	52	124	s124_RushMan_ThreeSqA_D2	s124	W56	10.69	3848.8905	554.447	14.83	NA	1.004	NA	NA	12.5315	0.399	1909814.27	227325.69	129093.71	48827.3	2092.92	26.09	12.15	20.39	6526.29	0.49	23.44	52.35
95	RushMan_ThreeSqB_D1	RushMan_ThreeSqB_D1	38.2079	-122.0311	9/20/13	1072572	3300014298	Ga0075341	Gp0116107	40.5	RushRanch_managed	RushRanch	ThreeSq	SF_Rest	Meso	Restored	d1	9/20/17	11.50069077	11.6	19.1	17100	43.15265525	0.014409341	7.0597391	3.234016645	0.000353673	1.059168901	NA	NA	38.209766	-122.033424	30.2	6.64	254.49	657.2	16.16	9.37	0.706	9.24	0.49	30.47	18.2	0.153	NA	NA	NA	NA	NA	NA	s040.5	W57	11.5	2369.507	544.8385	10.11	NA	1.4985	NA	NA	7.021	0.374	1283900.32	131843.52	86651.63	30529.71	942.2	12.69	4.55	16.61	4503.5	0.26	15.29	36.51
96	RushMan_ThreeSqB_D2	RushMan_ThreeSqB_D2	37.770749	-122.378031	9/20/13	1048049	3300004071	Ga0055486	Gp0101371	125	RushRanch_managed	RushRanch	ThreeSq	SF_Rest	Meso	Restored	d2	9/20/17	11.50069077	11.6	19.1	17100	43.15265525	0.014409341	7.0597391	3.234016645	0.000353673	1.059168901	NA	s125_RushMan_ThreeSqB_D2	38.209766	-122.033424	27.7	6.04	304.91	940.6	16.18	9.39	0.586	8.85	0.35	15.71	7.4	0.134	126	1224	50520	56	125	s125_RushMan_ThreeSqB_D2	s125	W57	11.5	2369.507	544.8385	10.11	NA	1.4985	NA	NA	7.021	0.374	1283900.32	131843.52	86651.63	30529.71	942.2	12.69	4.55	16.61	4503.5	0.26	15.29	36.51
97	RushMan_ThreeSqC_D1	NA	NA	NA	NA	NA	NA	NA	NA	41	RushRanch_managed	RushRanch	ThreeSq	SF_Rest	Meso	Restored	d1	9/20/17	11.68654142	9.6	18.9	17278	33.03229064	0.010220885	5.404055729	2.293964275	0.000250869	0.810767606	145924	s041_RushMan_ThreeSqC_D1	38.209766	-122.033424	30.9	6.52	281.12	513.1	12.61	7.32	0.59	7.11	0.28	15.57	36.6	0.156	NA	NA	NA	NA	41	s041_RushMan_ThreeSqC_D1	s041	W58	11.69	3580.044	567.198	13.22	1.69	NA	0.618666667	NA	10.286	0.268	1885203.29	206931.57	119685.61	42105.33	1526.62	13.27	189.38	24.57	4903.43	0.89	21.42	84.91
98	RushMan_ThreeSqC_D2	RushMan_ThreeSqC_D2	37.770749	-122.378031	9/20/13	1048052	3300004061	Ga0055487	Gp0101372	126	RushRanch_managed	RushRanch	ThreeSq	SF_Rest	Meso	Restored	d2	9/20/17	11.68654142	9.6	18.9	17278	33.03229064	0.010220885	5.404055729	2.293964275	0.000250869	0.810767606	145924	s126_RushMan_ThreeSqC_D2	38.209766	-122.033424	30.4	6.18	282.09	703.3	15.55	9.02	0.551	8.02	0.27	14.08	34.7	0.144	137	2093	48830	57	126	s126_RushMan_ThreeSqC_D2	s126	W58	11.69	3580.044	567.198	13.22	1.69	NA	0.618666667	NA	10.286	0.268	1885203.29	206931.57	119685.61	42105.33	1526.62	13.27	189.38	24.57	4903.43	0.89	21.42	84.91
99	RushOxbow_ThreeSqA_D1	RushOxbow_ThreeSqA_D1	38.2241	-122.0185	9/21/13	1072573	3300014320	Ga0075342	Gp0116108	48	RushRanch_oxbow	RushRanch	ThreeSq	SF_Rest	Meso	Ref	d1	9/21/17	10.88056066	12.8	20.2	16643	44.66001808	0.018092464	7.306342427	4.060652814	0.000444074	1.096166667	156674	s048_RushOxbow_ThreeSqA_D1	38.198971	-122.026955	28.8	6.6	301.43	615.9	16.07	9.32	0.798	9.06	0.14	16.66	21	0.135	NA	NA	NA	NA	48	s048_RushOxbow_ThreeSqA_D1	s048	W59	10.88	5999.156	722.472	22.81	2.45	NA	0.056333333	NA	18.424	0.576	2972442.74	386650.14	206356.25	87374.56	3328.1	89.69	7846.38	17.29	13887.69	1.92	38.76	56.26
100	RushOxbow_ThreeSqA_D2	RushOxbow_ThreeSqA_D2	37.770749	-122.378031	9/21/13	1048055	3300004070	Ga0055488	Gp0101373	133	RushRanch_oxbow	RushRanch	ThreeSq	SF_Rest	Meso	Ref	d2	9/21/17	10.88056066	12.8	20.2	16643	44.66001808	0.018092464	7.306342427	4.060652814	0.000444074	1.096166667	156674	s133_RushOxbow_ThreeSqA_D2	38.198971	-122.026955	37.8	6.37	238.47	527.8	13.03	7.56	0.505	6.73	0.19	28.57	11.2	0.095	135	529	40150	51	133	s133_RushOxbow_ThreeSqA_D2	s133	W59	10.88	5999.156	722.472	22.81	2.45	NA	0.056333333	NA	18.424	0.576	2972442.74	386650.14	206356.25	87374.56	3328.1	89.69	7846.38	17.29	13887.69	1.92	38.76	56.26
101	RushOxbow_ThreeSqB_D1	RushOxbow_ThreeSqB_D1	38.2241	-122.0185	9/21/13	1072574	3300014317	Ga0075343	Gp0116109	49	RushRanch_oxbow	RushRanch	ThreeSq	SF_Rest	Meso	Ref	d1	9/21/17	10.64716148	12.4	19.1	15928	27.61494529	0.01547383	4.517782461	3.472929527	0.0003798	0.677800499	142824	s049_RushOxbow_ThreeSqB_D1	38.198971	-122.026955	27.7	6.61	257.65	512.3	20.09	11.65	0.893	11.45	0.19	27.01	16.8	0.139	NA	NA	NA	NA	49	s049_RushOxbow_ThreeSqB_D1	s049	W60	10.65	3822.2305	593.163	12.45	4.0915	0.578	0.133666667	NA	13.1615	0.4185	1923049.91	247285.63	138386.95	59576.53	2314.4	14.45	105.51	16.71	15952.45	0.54	23.87	47.44
102	RushOxbow_ThreeSqB_D2	RushOxbow_ThreeSqB_D2	37.770749	-122.378031	9/21/13	1048058	3300004145	Ga0055489	Gp0101374	134	RushRanch_oxbow	RushRanch	ThreeSq	SF_Rest	Meso	Ref	d2	9/21/17	10.64716148	12.4	19.1	15928	27.61494529	0.01547383	4.517782461	3.472929527	0.0003798	0.677800499	142824	s134_RushOxbow_ThreeSqB_D2	38.198971	-122.026955	38.1	6.29	213.05	443.2	13.34	7.74	0.566	6.71	NA	28.58	7.8	0.11	141	754	44260	51	134	s134_RushOxbow_ThreeSqB_D2	s134	W60	10.65	3822.2305	593.163	12.45	4.0915	0.578	0.133666667	NA	13.1615	0.4185	1923049.91	247285.63	138386.95	59576.53	2314.4	14.45	105.51	16.71	15952.45	0.54	23.87	47.44
103	RushOxbow_ThreeSqC_D1	RushOxbow_ThreeSqC_D1	38.2241	-122.0185	9/21/13	1072575	3300014296	Ga0075344	Gp0116110	50	RushRanch_oxbow	RushRanch	ThreeSq	SF_Rest	Meso	Ref	d1	9/21/17	11.39901378	12.6	18.1	16590	8.803010863	-0.000115774	1.440165377	-0.025984287	-2.84E-06	0.216067245	120177	s050_RushOxbow_ThreeSqC_D1	38.198971	-122.026955	30.3	6.86	268.03	507	16.16	9.37	0.781	8.73	NA	42.25	13.3	0.14	NA	NA	NA	NA	50	s050_RushOxbow_ThreeSqC_D1	s050	W61	11.4	4101.8545	571.8495	22.46	NA	0.856	0.028	NA	14.1565	0.558	1900576.33	240175.85	130227.8	59206.06	2116.04	54.17	87.02	20.55	15423	0.87	21.41	29.8
104	RushOxbow_ThreeSqC_D2	RushOxbow_ThreeSqC_D2	37.770749	-122.378031	9/21/13	1048061	3300004052	Ga0055490	Gp0101375	135	RushRanch_oxbow	RushRanch	ThreeSq	SF_Rest	Meso	Ref	d2	9/21/17	11.39901378	12.6	18.1	16590	8.803010863	-0.000115774	1.440165377	-0.025984287	-2.84E-06	0.216067245	120177	s135_RushOxbow_ThreeSqC_D2	38.198971	-122.026955	35.4	6.57	231.25	451.3	12.98	7.53	0.56	6.52	NA	31.34	17.7	0.121	139	1912	48560	48	135	s135_RushOxbow_ThreeSqC_D2	s135	W61	11.4	4101.8545	571.8495	22.46	NA	0.856	0.028	NA	14.1565	0.558	1900576.33	240175.85	130227.8	59206.06	2116.04	54.17	87.02	20.55	15423	0.87	21.41	29.8
105	Joice_CattailNLA_D1	Joice_CattailNLA_D1	38.1955	-122.002	9/25/13	1072535	3300014307	Ga0075304	Gp0116070	51	Joice	Joice	CattailNL	SF_Ref	Meso	Ref	d1	9/25/17	15.22993672	9	17.1	21167	136.8936375	0.046583787	22.39568711	10.45521409	0.001143385	3.360013021	123796	s051_Joice_CattailNLA_D1	38.197102	-122.010033	15.1	6.93	355.59	637.5	33.8	19.6	1.368	19.19	NA	158.57	22.9	0.14	NA	NA	NA	NA	51	s051_Joice_CattailNLA_D1	s051	W68	15.23	3860.8835	420.184	36.95	NA	NA	1.179666667	NA	12.256	0.57	1848404.28	234300.34	142634.91	38374.1	2230.46	224.91	2960.88	19.11	17517	0.8	20.22	19.89
106	Joice_CattailNLA_D2	Joice_CattailNLA_D2	37.770749	-122.378031	9/25/13	1047959	3300004014	Ga0055456	Gp0101341	136	Joice	Joice	CattailNL	SF_Ref	Meso	Ref	d2	9/25/17	15.22993672	9	17.1	21167	136.8936375	0.046583787	22.39568711	10.45521409	0.001143385	3.360013021	123796	s136_Joice_CattailNLA_D2	38.197102	-122.010033	18	6.53	339.57	788.5	43.74	25.37	1.262	23.73	0.74	53.72	7.8	0.07	59	384	21930	31	136	s136_Joice_CattailNLA_D2	s136	W68	15.23	3860.8835	420.184	36.95	NA	NA	1.179666667	NA	12.256	0.57	1848404.28	234300.34	142634.91	38374.1	2230.46	224.91	2960.88	19.11	17517	0.8	20.22	19.89
107	Joice_CattailNLB_D1	Joice_CattailNLB_D1	38.1955	-122.002	9/25/13	1072536	3300014295	Ga0075305	Gp0116071	52	Joice	Joice	CattailNL	SF_Ref	Meso	Ref	d1	9/25/17	13.63677096	8.4	16.4	18826	100.5759444	0.082661517	16.45414224	18.55246027	0.002028902	2.468606205	150511	s052_Joice_CattailNLB_D1	38.197102	-122.010033	15	7.11	296.92	485.9	33.13	19.21	1.361	18.42	1.87	122.86	26.7	0.133	NA	NA	NA	NA	52	s052_Joice_CattailNLB_D1	s052	W69	13.64	6565.8375	339.7945	89.31	NA	NA	1.129333333	NA	23.9475	0.5195	3843580.62	427702.91	194368.71	77963.13	3515.26	144.68	1479.19	22.22	20649.98	1.9	41.82	21.18
108	Joice_CattailNLB_D2	Joice_CattailNLB_D2	37.770749	-122.378031	9/25/13	1047965	3300004000	Ga0055458	Gp0101343	137	Joice	Joice	CattailNL	SF_Ref	Meso	Ref	d2	9/25/17	13.63677096	8.4	16.4	18826	100.5759444	0.082661517	16.45414224	18.55246027	0.002028902	2.468606205	150511	s137_Joice_CattailNLB_D2	38.197102	-122.010033	17.5	6.57	261.58	580	46.54	26.99	1.35	23.89	0.38	65.2	17.9	0.078	61	369	21250	31	137	s137_Joice_CattailNLB_D2	s137	W69	13.64	6565.8375	339.7945	89.31	NA	NA	1.129333333	NA	23.9475	0.5195	3843580.62	427702.91	194368.71	77963.13	3515.26	144.68	1479.19	22.22	20649.98	1.9	41.82	21.18
109	Joice_CattailNLC_D1	Joice_CattailNLC_D1	38.1955	-122.002	9/25/13	1072537	3300014297	Ga0075306	Gp0116072	53	Joice	Joice	CattailNL	SF_Ref	Meso	Ref	d1	9/25/17	14.36576782	9.8	16.8	19928	70.14985294	0.156081161	11.47645856	35.03068455	0.003830965	1.721806971	131287	s053_Joice_CattailNLC_D1	38.197102	-122.010033	14.9	6.7	357.85	656.1	33.76	19.58	1.42	19.53	1.02	37.87	14.6	0.109	NA	NA	NA	NA	53	s053_Joice_CattailNLC_D1	s053	W70	14.37	4497.852	527.93	38.1	0.136	NA	4.883333333	NA	13.446	0.454	2596609.45	267456.08	140893.57	53123.81	3275.52	205.69	4742.74	28.6	13535.28	0.92	45.61	34.38
110	Joice_CattailNLC_D2	Joice_CattailNLC_D2	37.770749	-122.378031	9/25/13	1047968	3300004027	Ga0055459	Gp0101344	138	Joice	Joice	CattailNL	SF_Ref	Meso	Ref	d2	9/25/17	14.36576782	9.8	16.8	19928	70.14985294	0.156081161	11.47645856	35.03068455	0.003830965	1.721806971	131287	s138_Joice_CattailNLC_D2	38.197102	-122.010033	18.4	6.45	267.07	681.7	46.46	26.95	1.269	24.01	0.86	42.23	16.3	0.08	70	436	21970	34	138	s138_Joice_CattailNLC_D2	s138	W70	14.37	4497.852	527.93	38.1	0.136	NA	4.883333333	NA	13.446	0.454	2596609.45	267456.08	140893.57	53123.81	3275.52	205.69	4742.74	28.6	13535.28	0.92	45.61	34.38
111	Joice_ThreeSqA_D1	Joice_ThreeSqA_D1	37.770749	-122.378031	9/25/13	1047962	3300004266	Ga0055457	Gp0101342	54	Joice	Joice	ThreeSq	SF_Ref	Meso	Ref	d1	9/25/17	13.82762154	9.8	18.2	19856	23.05867454	0.258585701	3.772380293	58.03669104	0.006346908	0.565968208	145498	s054_Joice_ThreeSqA_D1	38.197227	-122.010124	15.4	6.53	360.56	624.7	42.29	24.53	1.56	23.95	1.05	42.21	17.6	0.127	NA	NA	NA	NA	54	s054_Joice_ThreeSqA_D1	s054	W71	13.83	4253.4355	489.3505	31.4	NA	NA	6.983333333	5.5505	13.2195	0.498	2103762.43	215005.48	121421.57	59025.3	2050.19	281.19	25392.28	22.2	14472.72	2.28	27.56	27.76
112	Joice_ThreeSqA_D2	Joice_ThreeSqA_D2	37.770749	-122.378031	9/25/13	1047971	3300004011	Ga0055460	Gp0101345	139	Joice	Joice	ThreeSq	SF_Ref	Meso	Ref	d2	9/25/17	13.82762154	9.8	18.2	19856	23.05867454	0.258585701	3.772380293	58.03669104	0.006346908	0.565968208	145498	s139_Joice_ThreeSqA_D2	38.197227	-122.010124	17.4	6.29	230.38	680.8	52.07	30.2	0.992	21.24	2.63	55.41	13.6	0.088	53	579	16730	27	139	s139_Joice_ThreeSqA_D2	s139	W71	13.83	4253.4355	489.3505	31.4	NA	NA	6.983333333	5.5505	13.2195	0.498	2103762.43	215005.48	121421.57	59025.3	2050.19	281.19	25392.28	22.2	14472.72	2.28	27.56	27.76
113	Joice_ThreeSqB_D1	Joice_ThreeSqB_D1	37.770749	-122.378031	9/25/13	1047974	3300003991	Ga0055461	Gp0101346	55	Joice	Joice	ThreeSq	SF_Ref	Meso	Ref	d1	9/25/17	12.46367242	9.8	17.6	17810	40.00783456	0.002374313	6.545249008	0.53288824	5.83E-05	0.981980226	165612	s055_Joice_ThreeSqB_D1	38.197227	-122.010124	14.6	6.78	325.35	569.9	37.25	21.6	1.49	21.02	2.21	100.24	20.7	0.123	NA	NA	NA	NA	55	s055_Joice_ThreeSqB_D1	s055	W72	12.46	5187.495	646.0055	29.84	1.947	6.648	0.012666667	NA	17.0945	0.507	3243472.76	292968.26	149080.46	79409.83	2563.81	54.58	10788.92	22.55	17927.59	1.32	36	32.11
114	Joice_ThreeSqB_D2	NA	NA	NA	NA	NA	NA	NA	NA	140	Joice	Joice	ThreeSq	SF_Ref	Meso	Ref	d2	9/25/17	12.46367242	9.8	17.6	17810	40.00783456	0.002374313	6.545249008	0.53288824	5.83E-05	0.981980226	165612	s140_Joice_ThreeSqB_D2	38.197227	-122.010124	16.6	6.48	274	922.5	50.95	29.55	1.443	26.98	1.52	89.43	13.9	0.109	56	463	15340	30	140	s140_Joice_ThreeSqB_D2	s140	W72	12.46	5187.495	646.0055	29.84	1.947	6.648	0.012666667	NA	17.0945	0.507	3243472.76	292968.26	149080.46	79409.83	2563.81	54.58	10788.92	22.55	17927.59	1.32	36	32.11
115	Joice_ThreeSqC_D1	Joice_ThreeSqC_D1	37.770749	-122.378031	9/25/13	1047977	3300004015	Ga0055462	Gp0101347	56	Joice	Joice	ThreeSq	SF_Ref	Meso	Ref	d1	9/25/17	12.24863626	10.2	17.8	17606	38.77336764	0.008029881	6.343291229	1.802217626	0.000197091	0.951680608	156228	s056_Joice_ThreeSqC_D1	38.197227	-122.010124	14.8	6.62	384.48	645.9	38.26	22.19	1.562	21.4	4.8	66.9	20.5	0.123	NA	NA	NA	NA	56	s056_Joice_ThreeSqC_D1	s056	W73	12.25	3076.63	586.422	18.97	6.1635	0.1005	0.347	NA	8.7715	0.4245	1662642.8	142378.24	86173.05	39992.85	1029.88	221.55	6256.95	20.09	13122.9	0.82	20.24	31.13
116	Joice_ThreeSqC_D2	Joice_ThreeSqC_D2	37.770749	-122.378031	9/25/13	1047983	3300004012	Ga0055464	Gp0101349	141	Joice	Joice	ThreeSq	SF_Ref	Meso	Ref	d2	9/25/17	12.24863626	10.2	17.8	17606	38.77336764	0.008029881	6.343291229	1.802217626	0.000197091	0.951680608	156228	s141_Joice_ThreeSqC_D2	38.197227	-122.010124	16.4	6.31	299.13	657.3	50.93	29.54	1.336	26.7	2.16	77.81	15.4	0.081	59	342	18180	29	141	s141_Joice_ThreeSqC_D2	s141	W73	12.25	3076.63	586.422	18.97	6.1635	0.1005	0.347	NA	8.7715	0.4245	1662642.8	142378.24	86173.05	39992.85	1029.88	221.55	6256.95	20.09	13122.9	0.82	20.24	31.13
117	Goodyear_PhragA_D1	NA	NA	NA	NA	NA	NA	NA	NA	57	Goodyear	Goodyear	Phrag	SF_Rest	Poly	Restored	d1	9/18/17	16	14	18.8	22955	19.76537063	0.000915524	3.233598468	0.205479239	2.25E-05	0.485135057	144527	s057_Goodyear_PhragA_D1	38.080353	-122.108833	22.8	5.73	499.83	1449.2	25.59	14.84	0.956	13.48	NA	5.58	30.9	0.21	NA	NA	NA	NA	57	s057_Goodyear_PhragA_D1	s057	W50	15.97	4987.896	1042.029	6.802	0.3055	NA	2.876666667	NA	15.167	NA	2763381.87	243561.72	119521.87	74826.34	2220.28	10.26	56.6	15.5	11017.22	0.35	37.61	51.43
118	Goodyear_PhragA_D2	Goodyear_PhragA_D2	37.770749	-122.378031	9/18/13	1047950	3300004006	Ga0055453	Gp0101338	142	Goodyear	Goodyear	Phrag	SF_Rest	Poly	Restored	d2	9/18/17	16	14	18.8	22955	19.76537063	0.000915524	3.233598468	0.205479239	2.25E-05	0.485135057	144527	s142_Goodyear_PhragA_D2	38.080353	-122.108833	45.1	6.21	345.35	889.1	9.71	5.63	0.358	4.89	0.14	4.29	17.8	0.098	119	326	40260	63	142	s142_Goodyear_PhragA_D2	s142	W50	15.97	4987.896	1042.029	6.802	0.3055	NA	2.876666667	NA	15.167	NA	2763381.87	243561.72	119521.87	74826.34	2220.28	10.26	56.6	15.5	11017.22	0.35	37.61	51.43
119	Goodyear_PhragB_D1	NA	NA	NA	NA	NA	NA	NA	NA	58	Goodyear	Goodyear	Phrag	SF_Rest	Poly	Restored	d1	9/18/17	18.6	14	17.9	25934	11.32548491	0.014699848	1.852840068	3.299217673	0.000360803	0.277980609	158285	s058_Goodyear_PhragB_D1	38.080353	-122.108833	31.9	5.79	532.33	1609.1	16.08	9.33	0.652	8.97	0.17	4.64	18.6	0.131	NA	NA	NA	NA	58	s058_Goodyear_PhragB_D1	s058	W51	18.65	8277.032	1243.086	10.64	1.656	NA	4.916666667	NA	25.534	0.302	5192199.52	461627.57	189506.01	134150.92	4119.32	118.49	730	21.64	14296.43	0.79	61.24	67.43
120	Goodyear_PhragB_D2	NA	NA	NA	NA	NA	NA	NA	NA	143	Goodyear	Goodyear	Phrag	SF_Rest	Poly	Restored	d2	9/18/17	18.6	14	17.9	25934	11.32548491	0.014699848	1.852840068	3.299217673	0.000360803	0.277980609	158285	s143_Goodyear_PhragB_D2	38.080353	-122.108833	52.8	6.55	313.58	743.7	7.81	4.53	0.279	3.98	NA	4.58	13.4	0.062	86	227	36970	48	143	s143_Goodyear_PhragB_D2	s143	W51	18.65	8277.032	1243.086	10.64	1.656	NA	4.916666667	NA	25.534	0.302	5192199.52	461627.57	189506.01	134150.92	4119.32	118.49	730	21.64	14296.43	0.79	61.24	67.43
121	Goodyear_PhragC_D1	NA	NA	NA	NA	NA	NA	NA	NA	59	Goodyear	Goodyear	Phrag	SF_Rest	Poly	Restored	d1	9/18/17	18.9	13.6	17.9	26270	29.6402155	0.008668007	4.849115011	1.945438045	0.000212754	0.727510145	120853	s059_Goodyear_PhragC_D1	38.080353	-122.108833	27.6	5.83	489	1387.9	21.64	12.55	0.892	12.11	0.13	5.06	9.5	0.177	NA	NA	NA	NA	59	s059_Goodyear_PhragC_D1	s059	W52	18.92	6204.648	1006.52	11.97	2.27	NA	5.376	NA	17.63	0.462	3341494.39	317386.59	139987.4	97398.66	2805.2	80.58	403.15	16.75	14257.77	0.58	44.5	48.81
122	Goodyear_PhragC_D2	Goodyear_PhragC_D2	37.770749	-122.378031	9/19/13	1047956	3300003990	Ga0055455	Gp0101340	144	Goodyear	Goodyear	Phrag	SF_Rest	Poly	Restored	d2	9/18/17	18.9	13.6	17.9	26270	29.6402155	0.008668007	4.849115011	1.945438045	0.000212754	0.727510145	120853	s144_Goodyear_PhragC_D2	38.080353	-122.108833	48.7	6.08	348.24	752.6	9.43	5.47	0.369	4.92	0.33	9.17	67.1	0.129	124	318	41570	68	144	s144_Goodyear_PhragC_D2	s144	W52	18.92	6204.648	1006.52	11.97	2.27	NA	5.376	NA	17.63	0.462	3341494.39	317386.59	139987.4	97398.66	2805.2	80.58	403.15	16.75	14257.77	0.58	44.5	48.81
123	White_CordA_D1	NA	NA	NA	NA	NA	NA	NA	NA	60	WhiteSlough	WhiteSlough	Cord	SF_Rest	Poly	Restored	d1	9/14/17	19.97586006	13.4	22.3	30333	11.73442459	0.010749806	1.919742264	2.412674682	0.000263851	0.28801791	178234	s060_White_CordA_D1	38.13147	-122.265465	35.6	7.19	544.97	1287.6	4.87	2.82	0.286	2.47	0.44	18.31	10.5	0.062	NA	NA	NA	NA	60	s060_White_CordA_D1	s060	W44	19.98	6120.566	1243.236	4.329	3.62	NA	0.413	NA	15.618	0.202	4152958.51	258346.62	117818.46	84890.92	2448.69	7.92	551.86	15.25	12419.23	19.49	56.11	111.64
124	White_CordA_D2	White_CordA_D2	37.550705	-122.214362	9/14/13	1048136	3300004147	Ga0055515	Gp0101400	145	WhiteSlough	WhiteSlough	Cord	SF_Rest	Poly	Restored	d2	9/14/17	19.97586006	13.4	22.3	30333	11.73442459	0.010749806	1.919742264	2.412674682	0.000263851	0.28801791	178234	s145_White_CordA_D2	38.13147	-122.265465	37.6	6.64	550.44	1593.3	6.1	3.54	0.257	2.49	NA	14.41	8.7	0.085	121	521	51170	50	145	s145_White_CordA_D2	s145	W44	19.98	6120.566	1243.236	4.329	3.62	NA	0.413	NA	15.618	0.202	4152958.51	258346.62	117818.46	84890.92	2448.69	7.92	551.86	15.25	12419.23	19.49	56.11	111.64
125	White_CordB_D1	NA	NA	NA	NA	NA	NA	NA	NA	61	WhiteSlough	WhiteSlough	Cord	SF_Rest	Poly	Restored	d1	9/14/17	21.84992309	13.4	20.9	31955	4.680236805	0.00087668	0.765682913	0.196761199	2.15E-05	0.114875	160743	s061_White_CordB_D1	38.13147	-122.265465	36.9	7.15	517.89	1163.3	4.98	2.89	0.293	2.57	0.18	26.93	11.1	0.06	NA	NA	NA	NA	61	s061_White_CordB_D1	s061	W45	21.85	8939.202	1432.118	5.707	2.93	NA	3.422	NA	25.716	0.342	5843914.03	446978.29	179104.4	143230.16	3946.55	53.69	788.54	14.9	19873.65	1.4	76.79	74.62
126	White_CordB_D2	White_CordB_D2	37.550705	-122.214362	9/14/13	1048139	3300004073	Ga0055516	Gp0101401	146	WhiteSlough	WhiteSlough	Cord	SF_Rest	Poly	Restored	d2	9/14/17	21.84992309	13.4	20.9	31955	4.680236805	0.00087668	0.765682913	0.196761199	2.15E-05	0.114875	160743	s146_White_CordB_D2	38.13147	-122.265465	39.4	6.97	469.56	1289.1	5.71	3.31	0.261	2.44	0.47	19.75	8.1	0.1	113	578	53090	48	146	s146_White_CordB_D2	s146	W45	21.85	8939.202	1432.118	5.707	2.93	NA	3.422	NA	25.716	0.342	5843914.03	446978.29	179104.4	143230.16	3946.55	53.69	788.54	14.9	19873.65	1.4	76.79	74.62
127	White_CordC_D1	NA	NA	NA	NA	NA	NA	NA	NA	62	WhiteSlough	WhiteSlough	Cord	SF_Rest	Poly	Restored	d1	9/14/17	22.45830664	13.8	20.7	32622	3.679836433	0.000739884	0.60201823	0.166058825	1.82E-05	0.090320475	138234	s062_White_CordC_D1	38.13147	-122.265465	40.8	7.04	483.58	1334.8	5.3	3.07	0.301	2.7	0.23	21.5	9.1	0.058	NA	NA	NA	NA	62	s062_White_CordC_D1	s062	W46	22.46	7886.958	1243.684	6.284	1.966	NA	0.027666667	NA	23.608	0.466	5085561.01	422158.39	168095.28	130431.28	3640.36	10.42	58.29	15.63	11679.67	0.78	64.61	66.47
128	White_CordC_D2	NA	NA	NA	NA	NA	NA	NA	NA	147	WhiteSlough	WhiteSlough	Cord	SF_Rest	Poly	Restored	d2	9/14/17	22.45830664	13.8	20.7	32622	3.679836433	0.000739884	0.60201823	0.166058825	1.82E-05	0.090320475	138234	s147_White_CordC_D2	38.13147	-122.265465	38.6	6.82	486.89	1422.5	6.39	3.7	0.275	3.02	0.7	20.89	7.4	0.091	116	510	52780	50	147	s147_White_CordC_D2	s147	W46	22.46	7886.958	1243.684	6.284	1.966	NA	0.027666667	NA	23.608	0.466	5085561.01	422158.39	168095.28	130431.28	3640.36	10.42	58.29	15.63	11679.67	0.78	64.61	66.47
129	White_ThreeSqA_D1	White_ThreeSqA_D1	37.550705	-122.214362	9/14/13	1048145	3300004074	Ga0055518	Gp0101403	63	WhiteSlough	WhiteSlough	ThreeSq	SF_Rest	Poly	Restored	d1	9/17/17	21.5	13	20.7	31345	4.343075173	-0.000400936	0.710523546	-0.089985596	-9.84E-06	0.106599469	157835	s063_White_ThreeSqA_D1	38.131752	-122.266335	32.1	6.63	579.27	1080.1	8.56	4.96	0.363	4.41	0.28	21	18.6	0.078	NA	NA	NA	NA	63	s063_White_ThreeSqA_D1	s063	W47	21.49	10575.312	1563.594	8.599	4.4	NA	0.040666667	NA	33.758	0.33	6596228.75	635628.29	247188.98	195228.97	5673.12	22.54	854.15	15.23	13001.4	5.24	91.7	153.19
130	White_ThreeSqA_D2	White_ThreeSqA_D2	37.550705	-122.214362	9/17/13	1048154	3300004148	Ga0055521	Gp0101406	148	WhiteSlough	WhiteSlough	ThreeSq	SF_Rest	Poly	Restored	d2	9/17/17	21.5	13	20.7	31345	4.343075173	-0.000400936	0.710523546	-0.089985596	-9.84E-06	0.106599469	157835	s148_White_ThreeSqA_D2	38.131752	-122.266335	39.1	6.34	524.44	1138.1	8.18	4.74	0.275	3.64	0.4	13.63	13.2	0.057	127	297	47670	58	148	s148_White_ThreeSqA_D2	s148	W47	21.49	10575.312	1563.594	8.599	4.4	NA	0.040666667	NA	33.758	0.33	6596228.75	635628.29	247188.98	195228.97	5673.12	22.54	854.15	15.23	13001.4	5.24	91.7	153.19
131	White_ThreeSqB_D1	White_ThreeSqB_D1	37.550705	-122.214362	9/17/13	1048148	3300004075	Ga0055519	Gp0101404	64	WhiteSlough	WhiteSlough	ThreeSq	SF_Rest	Poly	Restored	d1	9/17/17	20.38545416	13.8	20.1	29499	6.772073849	0.019209485	1.107905743	4.311355646	0.000471491	0.166218509	131164	s064_White_ThreeSqB_D1	38.131752	-122.266335	37.2	6.66	499.83	984.3	8.24	4.78	0.343	4.44	NA	11.22	21	0.078	NA	NA	NA	NA	64	s064_White_ThreeSqB_D1	s064	W48	20.39	9013.912	1299.446	6.359	0.596	NA	3.433333333	NA	28.658	0.514	5663846.11	525304.96	208062.21	169865.76	4584.07	13.2	9.44	15.84	12385.42	0.78	73.49	77.14
132	White_ThreeSqB_D2	White_ThreeSqB_D2	37.550705	-122.214362	9/17/13	1048157	3300004076	Ga0055522	Gp0101407	149	WhiteSlough	WhiteSlough	ThreeSq	SF_Rest	Poly	Restored	d2	9/17/17	20.38545416	13.8	20.1	29499	6.772073849	0.019209485	1.107905743	4.311355646	0.000471491	0.166218509	131164	s149_White_ThreeSqB_D2	38.131752	-122.266335	40.3	6.35	489.78	1076.3	7.48	4.34	0.281	3.7	0.43	11.9	8.3	0.058	133	305	47480	60	149	s149_White_ThreeSqB_D2	s149	W48	20.39	9013.912	1299.446	6.359	0.596	NA	3.433333333	NA	28.658	0.514	5663846.11	525304.96	208062.21	169865.76	4584.07	13.2	9.44	15.84	12385.42	0.78	73.49	77.14
133	White_ThreeSqC_D1	White_ThreeSqC_D1	37.550705	-122.214362	9/17/13	1048151	3300004150	Ga0055520	Gp0101405	65	WhiteSlough	WhiteSlough	ThreeSq	SF_Rest	Poly	Restored	d1	9/17/17	21.03522434	13.8	20.7	30742	6.118447137	0.000134615	1.000972947	0.030212925	3.30E-06	0.150175439	148963	s065_White_ThreeSqC_D1	38.131752	-122.266335	36.3	6.58	570.24	1007.1	8.25	4.78	0.348	4.26	0.16	11.09	17.7	0.087	NA	NA	NA	NA	65	s065_White_ThreeSqC_D1	s065	W49	21.04	11794.1475	1629.863	11.07	NA	9.1365	NA	NA	46.01	0.5885	6990584.43	660953.38	249845.61	207439.61	5710.88	15.79	5.86	16.89	13282.24	0.97	103.62	91.22
134	White_ThreeSqC_D2	White_ThreeSqC_D2	37.550705	-122.214362	9/17/13	1048160	3300004077	Ga0055523	Gp0101408	150	WhiteSlough	WhiteSlough	ThreeSq	SF_Rest	Poly	Restored	d2	9/17/17	21.03522434	13.8	20.7	30742	6.118447137	0.000134615	1.000972947	0.030212925	3.30E-06	0.150175439	148963	s150_White_ThreeSqC_D2	38.131752	-122.266335	40.7	6.31	475.34	933.9	9.25	5.37	0.297	4.53	NA	20.49	13.7	0.079	123	342	37810	54	150	s150_White_ThreeSqC_D2	s150	W49	21.04	11794.1475	1629.863	11.07	NA	9.1365	NA	NA	46.01	0.5885	6990584.43	660953.38	249845.61	207439.61	5710.88	15.79	5.86	16.89	13282.24	0.97	103.62	91.22
135	Tolay_CordA_D1	NA	NA	NA	NA	NA	NA	NA	NA	66	Tolay	Tolay	Cord	SF_Rest	Poly	Restored	d1	9/13/17	25.34747986	14.2	23.2	38330	11.31034746	0.000204287	1.850363592	0.045849964	5.01E-06	0.277609065	153008	s066_Tolay_CordA_D1	38.15012	-122.438774	41.3	7.06	568.44	1087	3.62	2.1	0.188	1.58	0.61	24.92	22	0.081	NA	NA	NA	NA	66	s066_Tolay_CordA_D1	s066	W41	25.35	11632.506	2124.212	6.888	1.196	NA	0.792	NA	35.564	NA	7348680.43	591710.92	234031.33	192960.75	5681.26	14.88	54.79	15.89	7867.03	0.83	127.05	2724.16
136	Tolay_CordA_D2	Tolay_CordA_D2	37.550705	-122.214362	9/13/13	1048109	3300005182	Ga0069000	Gp0101391	151	Tolay	Tolay	Cord	SF_Rest	Poly	Restored	d2	9/13/17	25.34747986	14.2	23.2	38330	11.31034746	0.000204287	1.850363592	0.045849964	5.01E-06	0.277609065	153008	s151_Tolay_CordA_D2	38.15012	-122.438774	49.1	6.9	547.55	1056.9	3.96	2.3	0.151	1.41	0.2	6.76	17.6	0.09	122	270	47710	51	151	s151_Tolay_CordA_D2	s151	W41	25.35	11632.506	2124.212	6.888	1.196	NA	0.792	NA	35.564	NA	7348680.43	591710.92	234031.33	192960.75	5681.26	14.88	54.79	15.89	7867.03	0.83	127.05	2724.16
137	Tolay_CordB_D1	NA	NA	NA	NA	NA	NA	NA	NA	67	Tolay	Tolay	Cord	SF_Rest	Poly	Restored	d1	9/13/17	29.12979454	13.8	23.6	43789	13.51612946	0.002752027	2.211227723	0.617662027	6.75E-05	0.331749319	143091	s067_Tolay_CordB_D1	38.15012	-122.438774	39.5	7.05	768.83	1360.9	3.65	2.12	0.183	1.6	0.55	39.84	25.3	0.088	NA	NA	NA	NA	67	s067_Tolay_CordB_D1	s067	W42	29.13	11562.39	2118.392	5.655	0.456	NA	NA	NA	30.896	0.41	7708580.3	488957.81	223730.52	156036.16	5301.61	13.68	17.77	15.84	6489.77	0.71	129.05	538.96
138	Tolay_CordB_D2	Tolay_CordB_D2	37.550705	-122.214362	9/13/13	1048112	3300005215	Ga0069001	Gp0101392	152	Tolay	Tolay	Cord	SF_Rest	Poly	Restored	d2	9/13/17	29.12979454	13.8	23.6	43789	13.51612946	0.002752027	2.211227723	0.617662027	6.75E-05	0.331749319	143091	s152_Tolay_CordB_D2	38.15012	-122.438774	52.5	6.91	472.45	921.6	4.05	2.35	0.154	1.45	0.37	8.53	23.1	0.099	120	309	48940	50	152	s152_Tolay_CordB_D2	s152	W42	29.13	11562.39	2118.392	5.655	0.456	NA	NA	NA	30.896	0.41	7708580.3	488957.81	223730.52	156036.16	5301.61	13.68	17.77	15.84	6489.77	0.71	129.05	538.96
139	Tolay_CordC_D1	NA	NA	NA	NA	NA	NA	NA	NA	68	Tolay	Tolay	Cord	SF_Rest	Poly	Restored	d1	9/13/17	28.00479011	13.8	24.5	43038	10.12943424	2.97E-05	1.657167157	0.006664788	7.29E-07	0.248623907	167701	s068_Tolay_CordC_D1	38.15012	-122.438774	40.9	7.02	736.33	1436.6	3.6	2.09	0.178	1.54	0.17	20.42	18.8	0.081	NA	NA	NA	NA	68	s068_Tolay_CordC_D1	s068	W43	28	12888.824	2163.952	5.602	2.348	NA	NA	NA	37.966	NA	8259069.38	635682.72	253428.03	197738.82	6038.14	15.91	783.02	16.57	7260.41	6.47	142.54	456.44
140	Tolay_CordC_D2	Tolay_CordC_D2	37.550705	-122.214362	9/13/13	1048115	3300005214	Ga0069002	Gp0101393	153	Tolay	Tolay	Cord	SF_Rest	Poly	Restored	d2	9/13/17	28.00479011	13.8	24.5	43038	10.12943424	2.97E-05	1.657167157	0.006664788	7.29E-07	0.248623907	167701	s153_Tolay_CordC_D2	38.15012	-122.438774	51.5	6.81	443.56	886.7	4.92	2.85	0.182	1.87	NA	7.66	27.8	0.082	121	323	47560	52	153	s153_Tolay_CordC_D2	s153	W43	28	12888.824	2163.952	5.602	2.348	NA	NA	NA	37.966	NA	8259069.38	635682.72	253428.03	197738.82	6038.14	15.91	783.02	16.57	7260.41	6.47	142.54	456.44
141	China_Bullhead_CordA_D1	NA	NA	NA	NA	NA	NA	NA	NA	69	ChinaCamp_Bullhead	ChinaCamp	Cord	SF_Ref	Poly	Ref	d1	9/10/17	24.97284088	14	21.6	36593	2.95629642	0.007596834	0.483647676	1.705024998	0.000186462	0.072561404	131882	s069_China_Bullhead_CordA_D1	38.003361	-122.468277	39.8	7.15	786.88	1596	4.6	2.67	0.236	2.39	0.34	12.58	10.3	0.061	NA	NA	NA	NA	69	s069_China_Bullhead_CordA_D1	s069	W26	0.01	9645.535	1266.0585	12.28	NA	NA	4.136	NA	35.9275	0.5245	6095911.29	515041.84	213072.87	176404	4739.8	148.12	1978.66	18.45	21382.2	1	99.85	58.97
142	China_Bullhead_CordA_D2	China_Bullhead_CordA_D2	37.770749	-122.378031	9/10/13	1047914	3300004023	Ga0055441	Gp0101326	154	ChinaCamp_Bullhead	ChinaCamp	Cord	SF_Ref	Poly	Ref	d2	9/10/17	24.97284088	14	21.6	36593	2.95629642	0.007596834	0.483647676	1.705024998	0.000186462	0.072561404	131882	s154_China_Bullhead_CordA_D2	38.003361	-122.468277	43.8	7.06	576.44	1462.9	5.87	3.41	0.212	2.6	0.38	19.73	11.1	0.05	132	373	47140	60	154	s154_China_Bullhead_CordA_D2	s154	W26	0.01	9645.535	1266.0585	12.28	NA	NA	4.136	NA	35.9275	0.5245	6095911.29	515041.84	213072.87	176404	4739.8	148.12	1978.66	18.45	21382.2	1	99.85	58.97
143	China_Bullhead_CordB_D1	NA	NA	NA	NA	NA	NA	NA	NA	70	ChinaCamp_Bullhead	ChinaCamp	Cord	SF_Ref	Poly	Ref	d1	9/10/17	20.28476003	13.4	21.4	30187	4.215215701	0.00800928	0.689605841	1.797594063	0.000196585	0.103461197	155693	s070_China_Bullhead_CordB_D1	38.003361	-122.468277	43.7	7.29	546.77	1276.1	4.41	2.56	0.214	2.19	0.26	16.14	14.3	0.057	NA	NA	NA	NA	70	s070_China_Bullhead_CordB_D1	s070	W27	29.82	11402.776	1679.37	9.169	0.98	NA	2.61	NA	35.05	0.588	7463149.32	650939.34	255904.71	206130.31	6830.37	240.08	2544.84	19.91	13700.17	4.81	114.59	123.62
144	China_Bullhead_CordB_D2	China_Bullhead_CordB_D2	37.770749	-122.378031	9/10/13	1047917	3300004029	Ga0055442	Gp0101327	155	ChinaCamp_Bullhead	ChinaCamp	Cord	SF_Ref	Poly	Ref	d2	9/10/17	20.28476003	13.4	21.4	30187	4.215215701	0.00800928	0.689605841	1.797594063	0.000196585	0.103461197	155693	s155_China_Bullhead_CordB_D2	38.003361	-122.468277	47.7	7.04	466.67	1376.3	5.31	3.08	0.193	2.34	0.27	14.95	13.3	0.049	128	374	44950	58	155	s155_China_Bullhead_CordB_D2	s155	W27	29.82	11402.776	1679.37	9.169	0.98	NA	2.61	NA	35.05	0.588	7463149.32	650939.34	255904.71	206130.31	6830.37	240.08	2544.84	19.91	13700.17	4.81	114.59	123.62
145	China_Bullhead_CordC_D1	NA	NA	NA	NA	NA	NA	NA	NA	71	ChinaCamp_Bullhead	ChinaCamp	Cord	SF_Ref	Poly	Ref	d1	9/10/17	18.07462544	13.6	21.4	27180	2.955307993	0.009405581	0.48348597	2.110978239	0.000230857	0.072537143	153566	s071_China_Bullhead_CordC_D1	38.003361	-122.468277	42.7	7.2	631.62	1575.1	4.22	2.45	0.218	2.22	0.27	13.47	11.2	0.054	NA	NA	NA	NA	71	s071_China_Bullhead_CordC_D1	s071	W28	29.86	11725.18	1857.096	11.58	2.11	NA	7.003333333	NA	35.03	0.498	7512607.13	757020.56	210408.99	231716.12	5788.25	1008.47	4450.29	38.45	15655.92	0.98	130.45	73.84
146	China_Bullhead_CordC_D2	China_Bullhead_CordC_D2	37.770749	-122.378031	9/10/13	1047920	3300004026	Ga0055443	Gp0101328	156	ChinaCamp_Bullhead	ChinaCamp	Cord	SF_Ref	Poly	Ref	d2	9/10/17	18.07462544	13.6	21.4	27180	2.955307993	0.009405581	0.48348597	2.110978239	0.000230857	0.072537143	153566	s156_China_Bullhead_CordC_D2	38.003361	-122.468277	42.1	7.03	590.88	1403	6.42	3.72	0.205	2.6	0.35	17	12.5	0.05	128	388	48560	60	156	s156_China_Bullhead_CordC_D2	s156	W28	29.86	11725.18	1857.096	11.58	2.11	NA	7.003333333	NA	35.03	0.498	7512607.13	757020.56	210408.99	231716.12	5788.25	1008.47	4450.29	38.45	15655.92	0.98	130.45	73.84
147	China_Galinas_CordA_D1	NA	NA	NA	NA	NA	NA	NA	NA	72	ChinaCamp_Galinas	ChinaCamp	Cord	SF_Ref	Poly	Ref	d1	9/11/17	30.72885644	14.2	23.4	45751	5.688231477	-0.000287198	0.930590017	-0.064458332	-7.05E-06	0.139615925	124194	s072_China_Galinas_CordA_D1	38.015896	-122.501663	39.5	7.04	662.31	1502.7	5.87	3.41	0.334	3.1	0.3	14.69	15.5	0.07	NA	NA	NA	NA	72	s072_China_Galinas_CordA_D1	s072	W29	30.73	13175.474	1901.394	7.381	1.586	NA	1.647333333	NA	38.618	NA	8608200.09	672088.03	276394.59	203630.08	7410.65	62.3	1103.05	22.45	10618.07	3.09	139.56	108.36
148	China_Galinas_CordA_D2	China_Galinas_CordA_D2	37.770749	-122.378031	9/11/13	1047923	3300004030	Ga0055444	Gp0101329	157	ChinaCamp_Galinas	ChinaCamp	Cord	SF_Ref	Poly	Ref	d2	9/11/17	30.72885644	14.2	23.4	45751	5.688231477	-0.000287198	0.930590017	-0.064458332	-7.05E-06	0.139615925	124194	s157_China_Galinas_CordA_D2	38.015896	-122.501663	42.4	6.38	686.2	1907.7	6.69	3.88	0.272	2.77	0.23	7.59	14.7	0.058	136	299	47020	54	157	s157_China_Galinas_CordA_D2	s157	W29	30.73	13175.474	1901.394	7.381	1.586	NA	1.647333333	NA	38.618	NA	8608200.09	672088.03	276394.59	203630.08	7410.65	62.3	1103.05	22.45	10618.07	3.09	139.56	108.36
149	China_Galinas_CordB_D1	NA	NA	NA	NA	NA	NA	NA	NA	73	ChinaCamp_Galinas	ChinaCamp	Cord	SF_Ref	Poly	Ref	d1	9/11/17	30.81435389	14.2	22.5	45033	3.184082927	0.014251234	0.520913362	3.198531375	0.000349792	0.078152355	160972	s073_China_Galinas_CordB_D1	38.015896	-122.501663	38.9	6.96	687.59	1528.4	5.78	3.35	0.328	3.02	0.28	14.98	17.9	0.073	NA	NA	NA	NA	73	s073_China_Galinas_CordB_D1	s073	W30	30.81	11509.446	1732.124	8.569	1.532	NA	4.752	NA	36.056	0.544	7338005.06	651909.55	251809.29	200320.03	6772.63	47.16	1237.93	14.93	12553.38	2.85	116.34	97.93
150	China_Galinas_CordB_D2	China_Galinas_CordB_D2	37.770749	-122.378031	9/11/13	1047929	3300004008	Ga0055446	Gp0101331	158	ChinaCamp_Galinas	ChinaCamp	Cord	SF_Ref	Poly	Ref	d2	9/11/17	30.81435389	14.2	22.5	45033	3.184082927	0.014251234	0.520913362	3.198531375	0.000349792	0.078152355	160972	s158_China_Galinas_CordB_D2	38.015896	-122.501663	42	6.5	625.54	1614.4	7.47	4.33	0.283	2.96	0.34	7.82	18.4	0.058	137	301	49940	56	158	s158_China_Galinas_CordB_D2	s158	W30	30.81	11509.446	1732.124	8.569	1.532	NA	4.752	NA	36.056	0.544	7338005.06	651909.55	251809.29	200320.03	6772.63	47.16	1237.93	14.93	12553.38	2.85	116.34	97.93
151	China_Galinas_CordC_D1	NA	NA	NA	NA	NA	NA	NA	NA	74	ChinaCamp_Galinas	ChinaCamp	Cord	SF_Ref	Poly	Ref	d1	9/11/17	29.14433041	12.6	23.4	43632	6.298809317	0.01147667	1.030480052	2.575811157	0.000281691	0.154602374	165756	s074_China_Galinas_CordC_D1	38.015896	-122.501663	38.9	7.07	662.31	1359.9	5.88	3.41	0.332	3.09	NA	15.25	18	0.072	NA	NA	NA	NA	74	s074_China_Galinas_CordC_D1	s074	W31	29.14	12448.286	2200.058	8.981	1.362	NA	6.25	NA	36.75	0.656	7940544.42	642138.31	248350.94	208054.68	6463.22	191.32	1800.65	20.18	11034.85	1.89	118.34	90.04
152	China_Galinas_CordC_D2	China_Galinas_CordC_D2	37.770749	-122.378031	9/11/13	1047932	3300004028	Ga0055447	Gp0101332	159	ChinaCamp_Galinas	ChinaCamp	Cord	SF_Ref	Poly	Ref	d2	9/11/17	29.14433041	12.6	23.4	43632	6.298809317	0.01147667	1.030480052	2.575811157	0.000281691	0.154602374	165756	s159_China_Galinas_CordC_D2	38.015896	-122.501663	40.1	6.74	657.32	1604.8	7.24	4.2	0.279	2.78	NA	7.54	14.7	0.06	134	341	49750	56	159	s159_China_Galinas_CordC_D2	s159	W31	29.14	12448.286	2200.058	8.981	1.362	NA	6.25	NA	36.75	0.656	7940544.42	642138.31	248350.94	208054.68	6463.22	191.32	1800.65	20.18	11034.85	1.89	118.34	90.04
153	China_Galinas_PWA_D1	China_Galinas_PWA_D1	37.770749	-122.378031	9/11/13	1047926	3300004003	Ga0055445	Gp0101330	75	ChinaCamp_Galinas	ChinaCamp	PW	SF_Ref	Poly	Ref	d1	9/11/17	61.50274977	13.2	21.7	81280	13.80477948	0.002227892	2.25845063	0.500025545	5.47E-05	0.338834146	157888	s075_China_Galinas_PWA_D1	38.015041	-122.501831	29	6.13	1149.76	2369.1	17.98	10.43	0.757	9.87	1.03	69.08	20.1	0.1	NA	NA	NA	NA	75	s075_China_Galinas_PWA_D1	s075	W32	61.5	NA	5070.942	15.57	0.694	NA	0.693333333	NA	81.966	0.704	16184608.04	1749490.16	568069.78	404339.54	15846.44	416.85	431.91	37.94	6938.78	20.79	212.79	334.03
154	China_Galinas_PWA_D2	China_Galinas_PWA_D2	37.770749	-122.378031	9/11/13	1047935	3300004005	Ga0055448	Gp0101333	160	ChinaCamp_Galinas	ChinaCamp	PW	SF_Ref	Poly	Ref	d2	9/11/17	61.50274977	13.2	21.7	81280	13.80477948	0.002227892	2.25845063	0.500025545	5.47E-05	0.338834146	157888	s160_China_Galinas_PWA_D2	38.015041	-122.501831	33.7	5.68	1388.13	2837.7	13.07	7.58	0.457	6.28	NA	19.47	13.2	0.112	99	191	38130	52	160	s160_China_Galinas_PWA_D2	s160	W32	61.5	NA	5070.942	15.57	0.694	NA	0.693333333	NA	81.966	0.704	16184608.04	1749490.16	568069.78	404339.54	15846.44	416.85	431.91	37.94	6938.78	20.79	212.79	334.03
155	China_Galinas_PWB_D1	China_Galinas_PWB_D1	37.770749	-122.378031	9/11/13	1047938	3300004021	Ga0055449	Gp0101334	76	ChinaCamp_Galinas	ChinaCamp	PW	SF_Ref	Poly	Ref	d1	9/11/17	48.11356023	12.8	21.5	65454	9.391368495	0.088472395	1.536420203	19.85664728	0.002171528	0.230508306	192971	s076_China_Galinas_PWB_D1	38.015041	-122.501831	30.1	5.71	1259.89	2757.9	17.99	10.43	0.781	10.16	0.39	42.81	21.7	0.099	NA	NA	NA	NA	76	s076_China_Galinas_PWB_D1	s076	W33	48.11	18692.84	3813.266	15.3	2.982	NA	1.969666667	NA	52.58	0.634	12121732.57	876722.56	379273.66	253851.85	9582.11	2871.87	352.48	19.77	6094.47	7.41	231.49	200.53
156	China_Galinas_PWB_D2	China_Galinas_PWB_D2	37.770749	-122.378031	9/11/13	1047944	3300004004	Ga0055451	Gp0101336	161	ChinaCamp_Galinas	ChinaCamp	PW	SF_Ref	Poly	Ref	d2	9/11/17	48.11356023	12.8	21.5	65454	9.391368495	0.088472395	1.536420203	19.85664728	0.002171528	0.230508306	192971	s161_China_Galinas_PWB_D2	38.015041	-122.501831	34.1	5.58	1417.01	2823.6	14.31	8.3	0.483	6.93	0.11	12.5	22.9	0.072	97	189	31450	52	161	s161_China_Galinas_PWB_D2	s161	W33	48.11	18692.84	3813.266	15.3	2.982	NA	1.969666667	NA	52.58	0.634	12121732.57	876722.56	379273.66	253851.85	9582.11	2871.87	352.48	19.77	6094.47	7.41	231.49	200.53
157	China_Galinas_PWC_D1	China_Galinas_PWC_D1	37.770749	-122.378031	9/11/13	1047941	3300004001	Ga0055450	Gp0101335	77	ChinaCamp_Galinas	ChinaCamp	PW	SF_Ref	Poly	Ref	d1	9/11/17	48.12376313	13	21.3	65197	18.99898006	0.003153681	3.108217596	0.707808657	7.74E-05	0.466324232	154668	s077_China_Galinas_PWC_D1	38.015041	-122.501831	28.7	5.5	1346.55	2913.5	19.6	11.37	0.869	11.62	0.29	15.12	10.5	0.079	NA	NA	NA	NA	77	s077_China_Galinas_PWC_D1	s077	W34	48.12	19777.566	3523.592	16.25	0.754	NA	1.581666667	NA	63.678	NA	12031093.8	1108156.21	400638.71	315717.22	10326.56	912.73	291.63	18.54	16142.97	5.58	250.03	199.15
158	China_Galinas_PWC_D2	China_Galinas_PWC_D2	37.770749	-122.378031	9/11/13	1047947	3300004018	Ga0055452	Gp0101337	162	ChinaCamp_Galinas	ChinaCamp	PW	SF_Ref	Poly	Ref	d2	9/11/17	48.12376313	13	21.3	65197	18.99898006	0.003153681	3.108217596	0.707808657	7.74E-05	0.466324232	154668	s162_China_Galinas_PWC_D2	38.015041	-122.501831	36.4	5.69	1307.25	2803.1	13.32	7.73	0.443	5.99	0.42	11.54	15.2	0.091	99	184	32690	51	162	s162_China_Galinas_PWC_D2	s162	W34	48.12	19777.566	3523.592	16.25	0.754	NA	1.581666667	NA	63.678	NA	12031093.8	1108156.21	400638.71	315717.22	10326.56	912.73	291.63	18.54	16142.97	5.58	250.03	199.15
159	Muzzi_CordA_D1	NA	NA	NA	NA	NA	NA	NA	NA	78	Muzzi	Muzzi	Cord	SF_Rest	Poly	Restored	d1	9/12/17	41.32871182	12.4	19	54340	27.43294406	0.006171927	4.488007208	1.385220611	0.000151488	0.673333333	141865	s078_Muzzi_CordA_D1	37.928627	-122.504829	39.1	6.06	844.66	1568.9	8.42	4.88	0.409	4.33	NA	9.03	15.6	0.078	NA	NA	NA	NA	78	s078_Muzzi_CordA_D1	s078	W35	41.33	15447.556	2480.732	10.97	3.458	NA	NA	NA	48.612	NA	9375631.3	891355.7	319674.2	238731.89	8280.83	28.14	1192.25	17.49	12500.82	28.04	177.14	167.6
160	Muzzi_CordA_D2	Muzzi_CordA_D2	37.770749	-122.378031	9/12/13	1048010	3300003989	Ga0055473	Gp0101358	163	Muzzi	Muzzi	Cord	SF_Rest	Poly	Restored	d2	9/12/17	41.32871182	12.4	19	54340	27.43294406	0.006171927	4.488007208	1.385220611	0.000151488	0.673333333	141865	s163_Muzzi_CordA_D2	37.928627	-122.504829	42.1	6.07	804.63	1502.9	8.1	4.7	0.276	3.58	0.4	6.58	28.5	0.096	122	249	44490	50	163	s163_Muzzi_CordA_D2	s163	W35	41.33	15447.556	2480.732	10.97	3.458	NA	NA	NA	48.612	NA	9375631.3	891355.7	319674.2	238731.89	8280.83	28.14	1192.25	17.49	12500.82	28.04	177.14	167.6
161	Muzzi_CordB_D1	NA	NA	NA	NA	NA	NA	NA	NA	79	Muzzi	Muzzi	Cord	SF_Rest	Poly	Restored	d1	9/12/17	42.11668911	12.4	18.4	54545	19.47153119	0.001831062	3.185526576	0.410961481	4.49E-05	0.477922857	128847	s079_Muzzi_CordB_D1	37.928627	-122.504829	35.5	6.14	904.23	1639.5	9.88	5.73	0.449	5.07	0.23	10.7	17.3	0.088	NA	NA	NA	NA	79	s079_Muzzi_CordB_D1	s079	W36	42.12	15133.864	2496.072	12.19	3.002	NA	0.220333333	0.61	43.834	NA	9702837.32	977874.28	270779.58	241967.81	8963.62	83.79	649.88	26.05	8262.88	4.5	136.26	138.42
162	Muzzi_CordB_D2	Muzzi_CordB_D2	37.770749	-122.378031	9/12/13	1048016	3300003988	Ga0055475	Gp0101360	164	Muzzi	Muzzi	Cord	SF_Rest	Poly	Restored	d2	9/12/17	42.11668911	12.4	18.4	54545	19.47153119	0.001831062	3.185526576	0.410961481	4.49E-05	0.477922857	128847	s164_Muzzi_CordB_D2	37.928627	-122.504829	43.7	5.83	951.95	1777.8	8.35	4.84	0.284	3.83	NA	6.87	29.6	0.091	124	281	46940	53	164	s164_Muzzi_CordB_D2	s164	W36	42.12	15133.864	2496.072	12.19	3.002	NA	0.220333333	0.61	43.834	NA	9702837.32	977874.28	270779.58	241967.81	8963.62	83.79	649.88	26.05	8262.88	4.5	136.26	138.42
163	Muzzi_CordC_D1	NA	NA	NA	NA	NA	NA	NA	NA	80	Muzzi	Muzzi	Cord	SF_Rest	Poly	Restored	d1	9/12/17	41.66949307	13	18.5	54150	43.21692036	0.011663157	7.07025282	2.617666048	0.000286269	1.060746269	147652	s080_Muzzi_CordC_D1	37.928627	-122.504829	36.3	6.21	859.1	1545.5	8.97	5.2	0.447	4.79	NA	11.27	18.2	0.085	NA	NA	NA	NA	80	s080_Muzzi_CordC_D1	s080	W37	41.67	16306.086	2590.766	9.587	1.64	NA	NA	NA	43.924	NA	10473672.71	728880.8	293733.41	191959.01	7417.31	25.34	1145.55	16.54	12723.39	19.18	202.23	158.27
164	Muzzi_CordC_D2	Muzzi_CordC_D2	37.770749	-122.378031	9/12/13	1048019	3300004007	Ga0055476	Gp0101361	165	Muzzi	Muzzi	Cord	SF_Rest	Poly	Restored	d2	9/12/17	41.66949307	13	18.5	54150	43.21692036	0.011663157	7.07025282	2.617666048	0.000286269	1.060746269	147652	s165_Muzzi_CordC_D2	37.928627	-122.504829	38.7	5.87	1003.94	1729.2	8.51	4.94	0.305	3.9	0.1	5.51	14.5	0.06	130	294	49480	59	165	s165_Muzzi_CordC_D2	s165	W37	41.67	16306.086	2590.766	9.587	1.64	NA	NA	NA	43.924	NA	10473672.71	728880.8	293733.41	191959.01	7417.31	25.34	1145.55	16.54	12723.39	19.18	202.23	158.27
165	Muzzi_PWA_D1	Muzzi_PWA_D1	37.770749	-122.378031	9/12/13	1048013	3300004010	Ga0055474	Gp0101359	81	Muzzi	Muzzi	PW	SF_Rest	Poly	Restored	d1	9/12/17	41.67	13.6	18.5	NA	13.61077902	-5.67E-05	2.226712315	-0.012722211	-1.39E-06	0.334072464	156315	s081_Muzzi_PWA_D1	37.926434	-122.509186	40.4	6.02	952.98	1736.8	10.01	5.8	0.434	5.05	NA	13.43	11.7	0.087	NA	NA	NA	NA	81	s081_Muzzi_PWA_D1	s081	W38	41.67	14607.41	2672.388	7.251	1.924	NA	1.251666667	NA	38.848	NA	9586920.7	648753.53	278539.01	194894.65	6837.03	26.49	408	20.12	9117.41	8.59	175.26	190.06
166	Muzzi_PWA_D2	Muzzi_PWA_D2	37.770749	-122.378031	9/12/13	1048022	3300004002	Ga0055477	Gp0101362	166	Muzzi	Muzzi	PW	SF_Rest	Poly	Restored	d2	9/12/17	41.67	13.6	18.5	NA	13.61077902	-5.67E-05	2.226712315	-0.012722211	-1.39E-06	0.334072464	156315	s166_Muzzi_PWA_D2	37.926434	-122.509186	40.6	5.8	949.06	1745.2	10.28	5.97	0.332	4.74	0.36	8.17	11.1	0.064	132	293	39570	56	166	s166_Muzzi_PWA_D2	s166	W38	41.67	14607.41	2672.388	7.251	1.924	NA	1.251666667	NA	38.848	NA	9586920.7	648753.53	278539.01	194894.65	6837.03	26.49	408	20.12	9117.41	8.59	175.26	190.06
167	Muzzi_PWB_D1	Muzzi_PWB_D1	37.770749	-122.378031	9/12/13	1048025	3300004056	Ga0055478	Gp0101363	82	Muzzi	Muzzi	PW	SF_Rest	Poly	Restored	d1	9/12/17	33.82	14	18.5	NA	11.53153207	0.000844924	1.886549213	0.189633743	2.07E-05	0.283037975	192072	s082_Muzzi_PWB_D1	37.926434	-122.509186	42.9	5.91	1173.23	2192.2	9.77	5.67	0.421	5.16	NA	19.49	14.8	0.086	NA	NA	NA	NA	82	s082_Muzzi_PWB_D1	s082	W39	33.82	18169.916	2721.05	13.52	1.44	NA	0.449	NA	60.958	NA	10889971.84	1037196.19	365142.42	316477.84	9432.1	33.46	480.16	19.66	9429.35	11.85	224.18	200.93
168	Muzzi_PWB_D2	Muzzi_PWB_D2	37.770749	-122.378031	9/12/13	1048031	3300004055	Ga0055480	Gp0101365	167	Muzzi	Muzzi	PW	SF_Rest	Poly	Restored	d2	9/12/17	33.82	14	18.5	NA	11.53153207	0.000844924	1.886549213	0.189633743	2.07E-05	0.283037975	192072	s167_Muzzi_PWB_D2	37.926434	-122.509186	43.8	5.58	998.17	1874.5	8.95	5.19	0.289	3.58	0.29	5.91	8.6	0.07	134	317	41950	57	167	s167_Muzzi_PWB_D2	s167	W39	33.82	18169.916	2721.05	13.52	1.44	NA	0.449	NA	60.958	NA	10889971.84	1037196.19	365142.42	316477.84	9432.1	33.46	480.16	19.66	9429.35	11.85	224.18	200.93
169	Muzzi_PWC_D1	Muzzi_PWC_D1	37.770749	-122.378031	9/12/13	1048028	3300004064	Ga0055479	Gp0101364	83	Muzzi	Muzzi	PW	SF_Rest	Poly	Restored	d1	9/12/17	40.03	13.8	18.5	NA	22.25195752	0.005392718	3.640402049	1.210335724	0.000132363	0.546167582	133076	s083_Muzzi_PWC_D1	37.926434	-122.509186	45.8	5.92	1227.39	2549.3	8.35	4.84	0.38	4.19	0.24	12.58	9.5	0.092	NA	NA	NA	NA	83	s083_Muzzi_PWC_D1	s083	W40	40.03	18759.406	2930.164	7.612	0.792	NA	0.778333333	NA	55.102	NA	11518660.57	1080745.43	340013.61	308227.04	10564.38	79.04	654.32	26.28	5165.55	7.93	181.53	189.15
170	Muzzi_PWC_D2	Muzzi_PWC_D2	37.770749	-122.378031	9/12/13	1048034	3300004065	Ga0055481	Gp0101366	168	Muzzi	Muzzi	PW	SF_Rest	Poly	Restored	d2	9/12/17	40.03	13.8	18.5	NA	22.25195752	0.005392718	3.640402049	1.210335724	0.000132363	0.546167582	133076	s168_Muzzi_PWC_D2	37.926434	-122.509186	47.7	5.69	1070.38	2041.5	8.83	5.12	0.288	3.84	0.12	5.22	12.1	0.065	132	262	41910	52	168	s168_Muzzi_PWC_D2	s168	W40	40.03	18759.406	2930.164	7.612	0.792	NA	0.778333333	NA	55.102	NA	11518660.57	1080745.43	340013.61	308227.04	10564.38	79.04	654.32	26.28	5165.55	7.93	181.53	189.15